0 0 0.0
0 1 -0.0024
0 2 -0.0032
0 3 -0.0008
0 4 -0.0024
0 5 -0.0024
0 6 -0.0008
0 7 -0.0016
0 8 -0.0008
0 9 -0.008
0 10 -0.0056
0 11 -0.0024
0 12 -0.0056
0 13 -0.004
0 14 0.0008
0 15 -0.0016
0 16 -0.0016
0 17 -0.0024
0 18 -0.0016
0 19 -0.0008
0 20 -0.0016
0 21 -0.0016
0 22 -0.0032
0 23 -0.0048
0 24 0.0
0 25 -0.0032
0 26 -0.0024
0 27 0.0
0 28 0.0008
0 29 -0.004
0 30 -0.0024
0 31 -0.0016
0 32 -0.008
0 33 -0.0024
0 34 0.0008
0 35 -0.0048
0 36 -0.0008
0 37 -0.0048
0 38 -0.0032
0 39 -0.004
0 40 -0.0008
0 41 -0.0024
0 42 -0.0032
0 43 -0.0056
0 44 -0.0032
0 45 -0.0024
0 46 -0.0032
0 47 -0.0168
0 48 -0.0008
0 49 -0.0024
0 50 -0.0008
0 51 -0.0088
0 52 -0.004
0 53 -0.004
0 54 -0.0112
0 55 -0.0056
0 56 -0.0032
0 57 -0.0008
0 58 -0.0008
0 59 -0.0032
0 60 -0.008
0 61 -0.0008
0 62 -0.0032
0 63 0.0

1 0 -0.0024
1 1 -0.0024
1 2 -0.004
1 3 0.0008
1 4 -0.0032
1 5 -0.0016
1 6 -0.0024
1 7 -0.0008
1 8 -0.0008
1 9 -0.0088
1 10 -0.0064
1 11 -0.0032
1 12 -0.0056
1 13 -0.0024
1 14 0.0
1 15 -0.0024
1 16 -0.0032
1 17 -0.0048
1 18 -0.004
1 19 -0.0016
1 20 -0.0048
1 21 -0.0016
1 22 -0.0032
1 23 -0.004
1 24 -0.0024
1 25 -0.0024
1 26 -0.0032
1 27 0.0
1 28 0.0
1 29 -0.0024
1 30 -0.0048
1 31 -0.004
1 32 -0.0056
1 33 -0.0016
1 34 -0.0008
1 35 -0.0056
1 36 0.0
1 37 -0.0032
1 38 -0.0032
1 39 -0.0024
1 40 0.0
1 41 -0.0016
1 42 -0.0024
1 43 -0.0064
1 44 -0.004
1 45 -0.0032
1 46 -0.0016
1 47 -0.0136
1 48 -0.0016
1 49 -0.0032
1 50 -0.0024
1 51 -0.008
1 52 -0.0048
1 53 -0.0024
1 54 -0.0144
1 55 -0.004
1 56 -0.0064
1 57 -0.0024
1 58 -0.0032
1 59 -0.004
1 60 -0.0064
1 61 -0.004
1 62 -0.0032
1 63 -0.0008

2 0 -0.0032
2 1 -0.004
2 2 -0.0032
2 3 -0.0056
2 4 -0.0064
2 5 -0.004
2 6 -0.0056
2 7 -0.0072
2 8 -0.0024
2 9 -0.0136
2 10 -0.0064
2 11 -0.0104
2 12 -0.0096
2 13 -0.0056
2 14 -0.004
2 15 -0.0032
2 16 -0.0032
2 17 -0.0056
2 18 -0.0024
2 19 -0.0048
2 20 -0.004
2 21 -0.0072
2 22 -0.0032
2 23 -0.0072
2 24 -0.0032
2 25 -0.0032
2 26 -0.0072
2 27 -0.004
2 28 -0.0048
2 29 -0.0088
2 30 -0.008
2 31 -0.0032
2 32 -0.0096
2 33 -0.012
2 34 -0.0048
2 35 -0.0088
2 36 0.0
2 37 -0.0048
2 38 -0.0088
2 39 -0.0056
2 40 -0.0056
2 41 -0.0088
2 42 -0.004
2 43 -0.0024
2 44 -0.004
2 45 -0.004
2 46 -0.0056
2 47 -0.0104
2 48 -0.0032
2 49 -0.0072
2 50 -0.0016
2 51 -0.008
2 52 -0.0032
2 53 -0.004
2 54 -0.0088
2 55 -0.0064
2 56 -0.008
2 57 -0.0056
2 58 -0.0032
2 59 -0.0064
2 60 -0.0072
2 61 -0.004
2 62 -0.0064
2 63 -0.0048

3 0 -0.0008
3 1 0.0008
3 2 -0.0056
3 3 -0.0008
3 4 -0.0016
3 5 -0.008
3 6 -0.0008
3 7 0.0008
3 8 -0.0024
3 9 -0.0064
3 10 -0.008
3 11 0.0
3 12 -0.004
3 13 -0.0032
3 14 -0.0008
3 15 0.0008
3 16 -0.0008
3 17 -0.0064
3 18 -0.0016
3 19 -0.0016
3 20 -0.004
3 21 -0.0048
3 22 -0.0032
3 23 -0.0048
3 24 -0.0008
3 25 -0.0056
3 26 -0.0024
3 27 -0.0032
3 28 -0.0024
3 29 -0.0016
3 30 -0.0024
3 31 -0.004
3 32 -0.0112
3 33 -0.004
3 34 -0.0008
3 35 -0.0024
3 36 -0.0008
3 37 -0.0056
3 38 -0.0016
3 39 -0.0048
3 40 -0.0024
3 41 -0.0032
3 42 0.0
3 43 -0.0056
3 44 -0.0064
3 45 -0.0024
3 46 -0.0008
3 47 -0.0216
3 48 -0.0048
3 49 -0.004
3 50 -0.0016
3 51 -0.016
3 52 -0.0064
3 53 -0.0032
3 54 -0.0112
3 55 -0.0064
3 56 -0.0016
3 57 -0.004
3 58 0.0
3 59 0.0
3 60 -0.0088
3 61 0.0008
3 62 -0.0008
3 63 0.0

4 0 -0.0024
4 1 -0.0032
4 2 -0.0064
4 3 -0.0016
4 4 -0.0024
4 5 -0.0032
4 6 -0.0064
4 7 -0.0048
4 8 -0.0024
4 9 -0.0088
4 10 -0.0072
4 11 -0.0024
4 12 -0.004
4 13 -0.0032
4 14 -0.0176
4 15 -0.0032
4 16 -0.0024
4 17 0.0016
4 18 -0.0024
4 19 -0.0032
4 20 -0.0064
4 21 -0.0024
4 22 -0.0048
4 23 -0.0056
4 24 -0.0024
4 25 -0.0008
4 26 -0.0032
4 27 -0.0008
4 28 -0.004
4 29 -0.0064
4 30 -0.0048
4 31 -0.0056
4 32 -0.0112
4 33 -0.0072
4 34 -0.0016
4 35 -0.0032
4 36 -0.0016
4 37 -0.0048
4 38 -0.0088
4 39 -0.0024
4 40 -0.0024
4 41 -0.0048
4 42 -0.0032
4 43 -0.0064
4 44 -0.0064
4 45 -0.0032
4 46 -0.0032
4 47 -0.0184
4 48 -0.0024
4 49 -0.0032
4 50 -0.0008
4 51 -0.008
4 52 -0.0032
4 53 -0.0024
4 54 -0.008
4 55 -0.0064
4 56 -0.0064
4 57 -0.0064
4 58 -0.004
4 59 -0.0064
4 60 -0.0048
4 61 -0.0032
4 62 -0.0032
4 63 -0.0024

5 0 -0.0024
5 1 -0.0016
5 2 -0.004
5 3 -0.008
5 4 -0.0032
5 5 -0.0024
5 6 -0.004
5 7 -0.0008
5 8 -0.0032
5 9 -0.0112
5 10 -0.0072
5 11 -0.0032
5 12 -0.004
5 13 -0.004
5 14 -0.0048
5 15 -0.0048
5 16 -0.0016
5 17 -0.0032
5 18 -0.0008
5 19 -0.0016
5 20 -0.0064
5 21 -0.0032
5 22 -0.0048
5 23 -0.0072
5 24 -0.0024
5 25 -0.004
5 26 -0.0048
5 27 -0.0032
5 28 0.0
5 29 -0.0064
5 30 -0.004
5 31 -0.004
5 32 -0.0088
5 33 -0.0048
5 34 0.0
5 35 -0.0032
5 36 -0.0016
5 37 -0.0064
5 38 -0.0048
5 39 -0.0056
5 40 -0.004
5 41 -0.004
5 42 -0.0024
5 43 -0.0056
5 44 -0.0056
5 45 -0.0008
5 46 -0.0064
5 47 -0.0168
5 48 -0.0048
5 49 -0.0056
5 50 -0.0032
5 51 -0.0096
5 52 -0.008
5 53 -0.0032
5 54 -0.0176
5 55 -0.0064
5 56 -0.0032
5 57 -0.0024
5 58 -0.0032
5 59 -0.004
5 60 -0.0104
5 61 -0.0032
5 62 -0.004
5 63 -0.004

6 0 -0.0008
6 1 -0.0024
6 2 -0.0056
6 3 -0.0008
6 4 -0.0064
6 5 -0.004
6 6 -0.0008
6 7 -0.0048
6 8 -0.0016
6 9 -0.008
6 10 -0.004
6 11 -0.004
6 12 -0.0032
6 13 -0.0032
6 14 -0.0032
6 15 -0.0016
6 16 -0.0008
6 17 -0.0048
6 18 -0.0024
6 19 -0.004
6 20 -0.0056
6 21 -0.0016
6 22 -0.0016
6 23 -0.0048
6 24 -0.0008
6 25 -0.004
6 26 -0.0032
6 27 -0.0016
6 28 -0.0024
6 29 -0.0096
6 30 -0.0056
6 31 -0.0056
6 32 -0.0088
6 33 -0.004
6 34 -0.0072
6 35 -0.004
6 36 0.0008
6 37 -0.0072
6 38 -0.0112
6 39 -0.0016
6 40 -0.004
6 41 -0.0056
6 42 -0.0032
6 43 -0.0088
6 44 -0.0024
6 45 -0.0064
6 46 -0.0008
6 47 -0.0144
6 48 -0.008
6 49 -0.0048
6 50 -0.0032
6 51 -0.0064
6 52 -0.0064
6 53 -0.0072
6 54 -0.0152
6 55 -0.0056
6 56 -0.0112
6 57 -0.0152
6 58 -0.0016
6 59 -0.0024
6 60 -0.008
6 61 -0.0024
6 62 -0.0008
6 63 -0.0024

7 0 -0.0016
7 1 -0.0008
7 2 -0.0072
7 3 0.0008
7 4 -0.0048
7 5 -0.0008
7 6 -0.0048
7 7 -0.0016
7 8 0.0
7 9 -0.0088
7 10 -0.004
7 11 -0.0032
7 12 -0.0048
7 13 -0.0056
7 14 -0.0024
7 15 -0.0064
7 16 -0.0024
7 17 -0.0048
7 18 0.0016
7 19 -0.0024
7 20 -0.0032
7 21 0.0008
7 22 -0.004
7 23 -0.0048
7 24 -0.0016
7 25 -0.0008
7 26 -0.004
7 27 0.0
7 28 0.004
7 29 -0.0072
7 30 -0.0032
7 31 -0.0024
7 32 -0.0072
7 33 -0.0048
7 34 -0.0112
7 35 -0.0048
7 36 0.0008
7 37 -0.004
7 38 -0.0064
7 39 -0.004
7 40 -0.0024
7 41 -0.0024
7 42 -0.004
7 43 -0.0024
7 44 -0.0016
7 45 -0.0024
7 46 -0.0024
7 47 -0.0136
7 48 -0.0024
7 49 -0.0048
7 50 -0.0008
7 51 -0.008
7 52 -0.0048
7 53 -0.0056
7 54 -0.0104
7 55 -0.0056
7 56 -0.0136
7 57 -0.0072
7 58 -0.0016
7 59 -0.0056
7 60 -0.0048
7 61 -0.0016
7 62 -0.0008
7 63 0.0

8 0 -0.0008
8 1 -0.0008
8 2 -0.0024
8 3 -0.0024
8 4 -0.0024
8 5 -0.0032
8 6 -0.0016
8 7 0.0
8 8 -0.0016
8 9 -0.0072
8 10 -0.0048
8 11 -0.0024
8 12 -0.004
8 13 -0.0056
8 14 -0.0008
8 15 -0.0016
8 16 -0.0016
8 17 -0.0016
8 18 0.0016
8 19 -0.0008
8 20 0.0
8 21 -0.0016
8 22 -0.0016
8 23 -0.0048
8 24 -0.0008
8 25 -0.0048
8 26 -0.0024
8 27 -0.0016
8 28 -0.0008
8 29 -0.0048
8 30 -0.004
8 31 -0.0008
8 32 -0.0072
8 33 -0.004
8 34 -0.0008
8 35 -0.0016
8 36 0.0
8 37 -0.0032
8 38 -0.0024
8 39 -0.0016
8 40 -0.0008
8 41 -0.0032
8 42 -0.004
8 43 -0.0016
8 44 -0.0064
8 45 -0.0024
8 46 -0.0024
8 47 -0.0168
8 48 0.0
8 49 -0.0024
8 50 0.0
8 51 -0.0104
8 52 -0.0008
8 53 -0.0048
8 54 -0.0096
8 55 -0.004
8 56 -0.004
8 57 -0.0032
8 58 -0.0008
8 59 -0.0024
8 60 -0.0072
8 61 0.0
8 62 0.0
8 63 0.0

9 0 -0.008
9 1 -0.0088
9 2 -0.0136
9 3 -0.0064
9 4 -0.0088
9 5 -0.0112
9 6 -0.008
9 7 -0.0088
9 8 -0.0072
9 9 -0.0072
9 10 -0.0176
9 11 -0.008
9 12 -0.0104
9 13 -0.0128
9 14 -0.008
9 15 -0.0144
9 16 -0.0096
9 17 -0.0064
9 18 -0.0072
9 19 -0.0104
9 20 -0.0104
9 21 -0.0096
9 22 -0.0096
9 23 -0.0128
9 24 -0.008
9 25 -0.0112
9 26 -0.0104
9 27 -0.0104
9 28 -0.0064
9 29 -0.0136
9 30 -0.0088
9 31 -0.0104
9 32 -0.0168
9 33 -0.0096
9 34 -0.0096
9 35 -0.0128
9 36 -0.008
9 37 -0.0096
9 38 -0.0112
9 39 -0.0144
9 40 -0.0104
9 41 -0.0048
9 42 -0.0112
9 43 -0.0088
9 44 -0.0128
9 45 -0.0104
9 46 -0.0088
9 47 -0.0224
9 48 -0.0072
9 49 -0.0072
9 50 -0.0088
9 51 -0.0144
9 52 -0.012
9 53 -0.0104
9 54 -0.0224
9 55 -0.0104
9 56 -0.0136
9 57 -0.0088
9 58 -0.0088
9 59 -0.0112
9 60 -0.0104
9 61 -0.0088
9 62 -0.008
9 63 -0.0112

10 0 -0.0056
10 1 -0.0064
10 2 -0.0064
10 3 -0.008
10 4 -0.0072
10 5 -0.0072
10 6 -0.004
10 7 -0.004
10 8 -0.0048
10 9 -0.0176
10 10 -0.0048
10 11 -0.0024
10 12 -0.0008
10 13 -0.0048
10 14 -0.0056
10 15 -0.0088
10 16 -0.004
10 17 -0.008
10 18 -0.0056
10 19 -0.008
10 20 -0.008
10 21 -0.0024
10 22 -0.0064
10 23 -0.0104
10 24 -0.0048
10 25 -0.0128
10 26 -0.0112
10 27 -0.004
10 28 -0.0024
10 29 -0.0056
10 30 -0.0056
10 31 -0.0064
10 32 -0.0088
10 33 -0.0048
10 34 -0.0024
10 35 -0.008
10 36 -0.0056
10 37 -0.0104
10 38 -0.0056
10 39 -0.0216
10 40 -0.008
10 41 -0.004
10 42 -0.0056
10 43 -0.0056
10 44 -0.0152
10 45 -0.0056
10 46 -0.0064
10 47 -0.024
10 48 -0.0072
10 49 -0.0024
10 50 -0.004
10 51 -0.016
10 52 -0.0072
10 53 -0.0048
10 54 -0.0256
10 55 -0.0152
10 56 -0.0048
10 57 -0.0048
10 58 -0.0048
10 59 -0.0056
10 60 -0.0112
10 61 -0.004
10 62 -0.0072
10 63 -0.0048

11 0 -0.0024
11 1 -0.0032
11 2 -0.0104
11 3 0.0
11 4 -0.0024
11 5 -0.0032
11 6 -0.004
11 7 -0.0032
11 8 -0.0024
11 9 -0.008
11 10 -0.0024
11 11 -0.0032
11 12 -0.0072
11 13 -0.004
11 14 -0.0032
11 15 -0.0024
11 16 -0.004
11 17 -0.0032
11 18 -0.0024
11 19 -0.004
11 20 -0.004
11 21 -0.0048
11 22 -0.004
11 23 -0.0064
11 24 -0.0032
11 25 -0.004
11 26 -0.008
11 27 -0.0008
11 28 -0.004
11 29 -0.0048
11 30 -0.0064
11 31 -0.0008
11 32 -0.0072
11 33 -0.008
11 34 -0.0032
11 35 -0.0064
11 36 -0.0016
11 37 -0.0032
11 38 -0.0048
11 39 -0.004
11 40 -0.004
11 41 -0.0088
11 42 -0.0032
11 43 -0.0072
11 44 -0.0056
11 45 -0.0064
11 46 -0.0024
11 47 -0.0144
11 48 -0.0072
11 49 -0.0032
11 50 -0.0048
11 51 -0.0072
11 52 -0.0048
11 53 -0.0024
11 54 -0.0088
11 55 -0.0064
11 56 -0.0048
11 57 -0.0048
11 58 -0.004
11 59 -0.0032
11 60 -0.0056
11 61 -0.0032
11 62 -0.0016
11 63 -0.0024

12 0 -0.0056
12 1 -0.0056
12 2 -0.0096
12 3 -0.004
12 4 -0.004
12 5 -0.004
12 6 -0.0032
12 7 -0.0048
12 8 -0.004
12 9 -0.0104
12 10 -0.0008
12 11 -0.0072
12 12 -0.0056
12 13 -0.0064
12 14 -0.0064
12 15 -0.0048
12 16 -0.004
12 17 -0.0072
12 18 -0.004
12 19 -0.0056
12 20 -0.0056
12 21 -0.0128
12 22 -0.0048
12 23 -0.0032
12 24 -0.0056
12 25 -0.004
12 26 -0.008
12 27 -0.0048
12 28 -0.012
12 29 -0.0032
12 30 -0.0056
12 31 -0.004
12 32 -0.0088
12 33 -0.008
12 34 -0.004
12 35 -0.0016
12 36 -0.0056
12 37 -0.0016
12 38 -0.0024
12 39 -0.0008
12 40 -0.0032
12 41 -0.0088
12 42 -0.0048
12 43 -0.0056
12 44 -0.0056
12 45 -0.0064
12 46 -0.004
12 47 -0.0224
12 48 -0.0032
12 49 -0.0048
12 50 -0.004
12 51 -0.0104
12 52 -0.0048
12 53 -0.008
12 54 -0.0104
12 55 -0.0056
12 56 -0.0048
12 57 -0.0064
12 58 -0.0056
12 59 -0.0056
12 60 -0.0112
12 61 -0.0064
12 62 -0.0032
12 63 -0.0056

13 0 -0.004
13 1 -0.0024
13 2 -0.0056
13 3 -0.0032
13 4 -0.0032
13 5 -0.004
13 6 -0.0032
13 7 -0.0056
13 8 -0.0056
13 9 -0.0128
13 10 -0.0048
13 11 -0.004
13 12 -0.0064
13 13 -0.004
13 14 -0.0024
13 15 -0.0024
13 16 -0.0032
13 17 -0.0096
13 18 -0.004
13 19 -0.0008
13 20 -0.004
13 21 -0.0024
13 22 -0.0056
13 23 -0.0024
13 24 -0.004
13 25 -0.004
13 26 -0.0048
13 27 0.0
13 28 -0.0048
13 29 -0.0048
13 30 -0.0056
13 31 -0.0048
13 32 -0.0096
13 33 -0.0072
13 34 -0.0048
13 35 -0.0048
13 36 0.0
13 37 -0.0048
13 38 -0.0056
13 39 -0.0024
13 40 0.0
13 41 -0.0032
13 42 -0.0032
13 43 -0.0072
13 44 -0.0032
13 45 -0.004
13 46 -0.0048
13 47 -0.0144
13 48 -0.0048
13 49 -0.0008
13 50 -0.0064
13 51 -0.008
13 52 -0.0064
13 53 -0.0096
13 54 -0.0096
13 55 -0.0032
13 56 -0.008
13 57 -0.0064
13 58 -0.0048
13 59 -0.0048
13 60 -0.0088
13 61 -0.0048
13 62 -0.0032
13 63 -0.004

14 0 0.0008
14 1 0.0
14 2 -0.004
14 3 -0.0008
14 4 -0.0176
14 5 -0.0048
14 6 -0.0032
14 7 -0.0024
14 8 -0.0008
14 9 -0.008
14 10 -0.0056
14 11 -0.0032
14 12 -0.0064
14 13 -0.0024
14 14 0.0008
14 15 -0.0008
14 16 -0.0016
14 17 0.0
14 18 0.0
14 19 -0.0016
14 20 -0.0016
14 21 -0.0016
14 22 -0.004
14 23 -0.004
14 24 0.0008
14 25 -0.0008
14 26 -0.0056
14 27 0.0016
14 28 -0.0048
14 29 -0.004
14 30 -0.0024
14 31 -0.0024
14 32 -0.0088
14 33 -0.004
14 34 0.0008
14 35 -0.0032
14 36 -0.0008
14 37 -0.004
14 38 -0.0016
14 39 0.0
14 40 -0.0008
14 41 -0.0032
14 42 -0.0016
14 43 -0.0048
14 44 -0.0048
14 45 -0.0016
14 46 -0.0008
14 47 -0.0168
14 48 -0.0024
14 49 -0.0024
14 50 -0.0008
14 51 -0.0088
14 52 -0.0048
14 53 -0.0032
14 54 -0.0088
14 55 -0.004
14 56 -0.0024
14 57 -0.0008
14 58 0.0
14 59 -0.004
14 60 -0.0056
14 61 -0.0008
14 62 -0.0008
14 63 0.0

15 0 -0.0016
15 1 -0.0024
15 2 -0.0032
15 3 0.0008
15 4 -0.0032
15 5 -0.0048
15 6 -0.0016
15 7 -0.0064
15 8 -0.0016
15 9 -0.0144
15 10 -0.0088
15 11 -0.0024
15 12 -0.0048
15 13 -0.0024
15 14 -0.0008
15 15 -0.0016
15 16 -0.0032
15 17 -0.004
15 18 -0.004
15 19 -0.004
15 20 -0.004
15 21 -0.0008
15 22 -0.0056
15 23 -0.0072
15 24 -0.0024
15 25 -0.0016
15 26 -0.0048
15 27 0.0008
15 28 -0.0008
15 29 -0.0024
15 30 -0.004
15 31 -0.0032
15 32 -0.0096
15 33 -0.0032
15 34 -0.0056
15 35 -0.008
15 36 -0.0008
15 37 -0.0032
15 38 -0.0056
15 39 -0.0032
15 40 -0.0056
15 41 -0.004
15 42 -0.0048
15 43 -0.004
15 44 -0.0016
15 45 -0.0032
15 46 -0.0016
15 47 -0.016
15 48 -0.0024
15 49 -0.0016
15 50 -0.0032
15 51 -0.0096
15 52 -0.004
15 53 -0.0048
15 54 -0.0096
15 55 -0.0064
15 56 -0.0072
15 57 -0.004
15 58 -0.004
15 59 -0.0048
15 60 -0.0072
15 61 -0.0016
15 62 -0.0032
15 63 -0.0024

16 0 -0.0016
16 1 -0.0032
16 2 -0.0032
16 3 -0.0008
16 4 -0.0024
16 5 -0.0016
16 6 -0.0008
16 7 -0.0024
16 8 -0.0016
16 9 -0.0096
16 10 -0.004
16 11 -0.004
16 12 -0.004
16 13 -0.0032
16 14 -0.0016
16 15 -0.0032
16 16 -0.0016
16 17 -0.0032
16 18 -0.0048
16 19 -0.0016
16 20 -0.0016
16 21 -0.0024
16 22 -0.0032
16 23 -0.0048
16 24 -0.0016
16 25 -0.0048
16 26 -0.0048
16 27 -0.0024
16 28 0.0008
16 29 -0.004
16 30 -0.0056
16 31 -0.0016
16 32 -0.0088
16 33 -0.004
16 34 -0.0008
16 35 -0.0032
16 36 0.0
16 37 -0.0064
16 38 -0.0048
16 39 -0.0048
16 40 -0.0024
16 41 -0.0024
16 42 -0.0024
16 43 -0.0056
16 44 -0.0024
16 45 -0.004
16 46 -0.0032
16 47 -0.0176
16 48 -0.0024
16 49 -0.0048
16 50 -0.0032
16 51 -0.008
16 52 -0.0032
16 53 -0.0048
16 54 -0.0104
16 55 -0.004
16 56 -0.0024
16 57 -0.004
16 58 -0.0024
16 59 -0.0056
16 60 -0.008
16 61 -0.0024
16 62 -0.004
16 63 -0.0008

17 0 -0.0024
17 1 -0.0048
17 2 -0.0056
17 3 -0.0064
17 4 0.0016
17 5 -0.0032
17 6 -0.0048
17 7 -0.0048
17 8 -0.0016
17 9 -0.0064
17 10 -0.008
17 11 -0.0032
17 12 -0.0072
17 13 -0.0096
17 14 0.0
17 15 -0.004
17 16 -0.0032
17 17 -0.0024
17 18 -0.0048
17 19 -0.0048
17 20 -0.0048
17 21 -0.0056
17 22 -0.0032
17 23 -0.004
17 24 -0.0024
17 25 -0.0056
17 26 -0.004
17 27 -0.0024
17 28 -0.0016
17 29 -0.0048
17 30 -0.0024
17 31 -0.0024
17 32 -0.0088
17 33 -0.0048
17 34 -0.004
17 35 -0.0024
17 36 -0.004
17 37 0.0
17 38 -0.0032
17 39 -0.0096
17 40 -0.0016
17 41 -0.0056
17 42 -0.0048
17 43 -0.0048
17 44 -0.0056
17 45 -0.0056
17 46 -0.0016
17 47 -0.0176
17 48 -0.0048
17 49 -0.0016
17 50 -0.0032
17 51 -0.02
17 52 -0.004
17 53 -0.0072
17 54 -0.0144
17 55 -0.0088
17 56 -0.004
17 57 -0.004
17 58 -0.0048
17 59 -0.0048
17 60 -0.0072
17 61 -0.0048
17 62 0.0008
17 63 -0.0016

18 0 -0.0016
18 1 -0.004
18 2 -0.0024
18 3 -0.0016
18 4 -0.0024
18 5 -0.0008
18 6 -0.0024
18 7 0.0016
18 8 0.0016
18 9 -0.0072
18 10 -0.0056
18 11 -0.0024
18 12 -0.004
18 13 -0.004
18 14 0.0
18 15 -0.004
18 16 -0.0048
18 17 -0.0048
18 18 -0.0016
18 19 -0.004
18 20 -0.0032
18 21 -0.0024
18 22 -0.0008
18 23 -0.0048
18 24 -0.0016
18 25 -0.0008
18 26 -0.0024
18 27 -0.0032
18 28 -0.0024
18 29 -0.004
18 30 -0.0032
18 31 -0.0024
18 32 -0.0112
18 33 -0.0032
18 34 -0.0016
18 35 -0.0008
18 36 0.0008
18 37 -0.0048
18 38 -0.0008
18 39 -0.0016
18 40 -0.0032
18 41 -0.0032
18 42 -0.0016
18 43 -0.0032
18 44 -0.0024
18 45 -0.0024
18 46 -0.0024
18 47 -0.0176
18 48 -0.0032
18 49 -0.0032
18 50 -0.0016
18 51 -0.008
18 52 -0.0024
18 53 -0.004
18 54 -0.012
18 55 -0.0032
18 56 -0.004
18 57 -0.0032
18 58 -0.0016
18 59 -0.0008
18 60 -0.0072
18 61 -0.0016
18 62 -0.004
18 63 -0.0008

19 0 -0.0008
19 1 -0.0016
19 2 -0.0048
19 3 -0.0016
19 4 -0.0032
19 5 -0.0016
19 6 -0.004
19 7 -0.0024
19 8 -0.0008
19 9 -0.0104
19 10 -0.008
19 11 -0.004
19 12 -0.0056
19 13 -0.0008
19 14 -0.0016
19 15 -0.004
19 16 -0.0016
19 17 -0.0048
19 18 -0.004
19 19 -0.0008
19 20 -0.0048
19 21 -0.0016
19 22 -0.0048
19 23 -0.004
19 24 -0.0008
19 25 -0.0048
19 26 -0.0104
19 27 0.0008
19 28 0.0
19 29 -0.0024
19 30 -0.0064
19 31 -0.0056
19 32 -0.008
19 33 -0.0048
19 34 -0.0024
19 35 -0.004
19 36 -0.0008
19 37 -0.0048
19 38 -0.004
19 39 -0.0072
19 40 -0.0024
19 41 -0.004
19 42 -0.0032
19 43 -0.0048
19 44 -0.0072
19 45 -0.004
19 46 -0.0016
19 47 -0.0184
19 48 -0.0032
19 49 0.0008
19 50 -0.0024
19 51 -0.0112
19 52 -0.004
19 53 -0.0024
19 54 -0.0168
19 55 -0.004
19 56 -0.0032
19 57 -0.004
19 58 0.0
19 59 -0.0048
19 60 -0.008
19 61 -0.0008
19 62 -0.0048
19 63 -0.0016

20 0 -0.0016
20 1 -0.0048
20 2 -0.004
20 3 -0.004
20 4 -0.0064
20 5 -0.0064
20 6 -0.0056
20 7 -0.0032
20 8 0.0
20 9 -0.0104
20 10 -0.008
20 11 -0.004
20 12 -0.0056
20 13 -0.004
20 14 -0.0016
20 15 -0.004
20 16 -0.0016
20 17 -0.0048
20 18 -0.0032
20 19 -0.0048
20 20 -0.0016
20 21 -0.0008
20 22 -0.0056
20 23 -0.0096
20 24 -0.0016
20 25 -0.0064
20 26 -0.0032
20 27 -0.0024
20 28 0.0
20 29 -0.0064
20 30 -0.0048
20 31 -0.0032
20 32 -0.0096
20 33 -0.0024
20 34 -0.0032
20 35 -0.0064
20 36 -0.0024
20 37 -0.0056
20 38 -0.0048
20 39 -0.0056
20 40 -0.004
20 41 -0.0032
20 42 -0.0056
20 43 -0.0072
20 44 -0.004
20 45 -0.0048
20 46 -0.0072
20 47 -0.0208
20 48 -0.0032
20 49 -0.0048
20 50 -0.0056
20 51 -0.0096
20 52 -0.0056
20 53 -0.0056
20 54 -0.016
20 55 -0.008
20 56 -0.0056
20 57 -0.0056
20 58 -0.004
20 59 -0.0056
20 60 -0.0096
20 61 -0.004
20 62 -0.0048
20 63 -0.0016

21 0 -0.0016
21 1 -0.0016
21 2 -0.0072
21 3 -0.0048
21 4 -0.0024
21 5 -0.0032
21 6 -0.0016
21 7 0.0008
21 8 -0.0016
21 9 -0.0096
21 10 -0.0024
21 11 -0.0048
21 12 -0.0128
21 13 -0.0024
21 14 -0.0016
21 15 -0.0008
21 16 -0.0024
21 17 -0.0056
21 18 -0.0024
21 19 -0.0016
21 20 -0.0008
21 21 -0.0016
21 22 -0.0024
21 23 -0.0048
21 24 -0.0016
21 25 -0.0048
21 26 -0.0064
21 27 -0.0008
21 28 -0.0048
21 29 -0.0032
21 30 -0.0032
21 31 0.0008
21 32 -0.008
21 33 -0.0048
21 34 0.0
21 35 -0.0016
21 36 -0.0008
21 37 -0.0008
21 38 -0.0024
21 39 -0.0032
21 40 -0.0016
21 41 -0.0016
21 42 -0.0016
21 43 -0.0032
21 44 -0.008
21 45 -0.0024
21 46 -0.0032
21 47 -0.0184
21 48 -0.004
21 49 -0.0024
21 50 -0.0048
21 51 -0.0104
21 52 -0.0048
21 53 -0.0056
21 54 -0.012
21 55 -0.004
21 56 -0.0016
21 57 -0.0008
21 58 -0.0016
21 59 -0.004
21 60 -0.0064
21 61 -0.0024
21 62 0.0008
21 63 0.0008

22 0 -0.0032
22 1 -0.0032
22 2 -0.0032
22 3 -0.0032
22 4 -0.0048
22 5 -0.0048
22 6 -0.0016
22 7 -0.004
22 8 -0.0016
22 9 -0.0096
22 10 -0.0064
22 11 -0.004
22 12 -0.0048
22 13 -0.0056
22 14 -0.004
22 15 -0.0056
22 16 -0.0032
22 17 -0.0032
22 18 -0.0008
22 19 -0.0048
22 20 -0.0056
22 21 -0.0024
22 22 -0.0032
22 23 -0.012
22 24 -0.0032
22 25 -0.0064
22 26 -0.0104
22 27 0.0
22 28 -0.0048
22 29 -0.0048
22 30 -0.0016
22 31 -0.004
22 32 -0.0104
22 33 -0.0032
22 34 -0.0016
22 35 -0.0048
22 36 -0.0008
22 37 -0.0016
22 38 -0.0032
22 39 -0.0088
22 40 -0.008
22 41 -0.0032
22 42 -0.0056
22 43 -0.0048
22 44 -0.0048
22 45 -0.0064
22 46 -0.0048
22 47 -0.0176
22 48 -0.008
22 49 -0.004
22 50 -0.0032
22 51 -0.0056
22 52 -0.0048
22 53 -0.0032
22 54 -0.0144
22 55 -0.008
22 56 -0.0032
22 57 -0.0032
22 58 -0.0048
22 59 -0.004
22 60 -0.0056
22 61 -0.0048
22 62 -0.004
22 63 -0.0016

23 0 -0.0048
23 1 -0.004
23 2 -0.0072
23 3 -0.0048
23 4 -0.0056
23 5 -0.0072
23 6 -0.0048
23 7 -0.0048
23 8 -0.0048
23 9 -0.0128
23 10 -0.0104
23 11 -0.0064
23 12 -0.0032
23 13 -0.0024
23 14 -0.004
23 15 -0.0072
23 16 -0.0048
23 17 -0.004
23 18 -0.0048
23 19 -0.004
23 20 -0.0096
23 21 -0.0048
23 22 -0.012
23 23 -0.004
23 24 -0.004
23 25 -0.008
23 26 -0.008
23 27 -0.0016
23 28 -0.0048
23 29 -0.0056
23 30 -0.0024
23 31 -0.0056
23 32 -0.0096
23 33 -0.0048
23 34 -0.0048
23 35 -0.0064
23 36 -0.0008
23 37 -0.0024
23 38 -0.0048
23 39 -0.0064
23 40 -0.0096
23 41 -0.004
23 42 -0.0056
23 43 -0.0056
23 44 -0.0064
23 45 -0.0096
23 46 -0.0072
23 47 -0.02
23 48 -0.008
23 49 -0.0072
23 50 -0.0056
23 51 -0.008
23 52 -0.0056
23 53 -0.0048
23 54 -0.0144
23 55 -0.008
23 56 -0.0072
23 57 -0.0056
23 58 -0.0064
23 59 -0.0048
23 60 -0.0088
23 61 -0.0064
23 62 -0.0024
23 63 -0.0056

24 0 0.0
24 1 -0.0024
24 2 -0.0032
24 3 -0.0008
24 4 -0.0024
24 5 -0.0024
24 6 -0.0008
24 7 -0.0016
24 8 -0.0008
24 9 -0.008
24 10 -0.0048
24 11 -0.0032
24 12 -0.0056
24 13 -0.004
24 14 0.0008
24 15 -0.0024
24 16 -0.0016
24 17 -0.0024
24 18 -0.0016
24 19 -0.0008
24 20 -0.0016
24 21 -0.0016
24 22 -0.0032
24 23 -0.004
24 24 0.0
24 25 -0.0032
24 26 -0.0024
24 27 0.0
24 28 0.0
24 29 -0.004
24 30 -0.0024
24 31 -0.0016
24 32 -0.008
24 33 -0.0024
24 34 0.0008
24 35 -0.0048
24 36 -0.0008
24 37 -0.0048
24 38 -0.0032
24 39 -0.004
24 40 -0.0016
24 41 -0.0016
24 42 -0.0032
24 43 -0.0056
24 44 -0.0032
24 45 -0.0016
24 46 -0.0032
24 47 -0.0168
24 48 -0.0016
24 49 -0.0024
24 50 -0.0008
24 51 -0.0088
24 52 -0.004
24 53 -0.004
24 54 -0.0112
24 55 -0.0056
24 56 -0.0024
24 57 -0.0008
24 58 -0.0016
24 59 -0.0032
24 60 -0.008
24 61 -0.0008
24 62 -0.0032
24 63 0.0

25 0 -0.0032
25 1 -0.0024
25 2 -0.0032
25 3 -0.0056
25 4 -0.0008
25 5 -0.004
25 6 -0.004
25 7 -0.0008
25 8 -0.0048
25 9 -0.0112
25 10 -0.0128
25 11 -0.004
25 12 -0.004
25 13 -0.004
25 14 -0.0008
25 15 -0.0016
25 16 -0.0048
25 17 -0.0056
25 18 -0.0008
25 19 -0.0048
25 20 -0.0064
25 21 -0.0048
25 22 -0.0064
25 23 -0.008
25 24 -0.0032
25 25 -0.0032
25 26 -0.0032
25 27 -0.0008
25 28 -0.0048
25 29 -0.0024
25 30 -0.004
25 31 -0.0056
25 32 -0.008
25 33 -0.004
25 34 -0.0008
25 35 -0.0016
25 36 -0.0016
25 37 -0.0048
25 38 -0.0024
25 39 -0.0096
25 40 -0.0064
25 41 -0.0024
25 42 -0.0032
25 43 -0.0096
25 44 -0.0128
25 45 -0.0048
25 46 -0.0064
25 47 -0.0248
25 48 -0.0024
25 49 -0.0032
25 50 -0.0032
25 51 -0.0128
25 52 -0.0104
25 53 -0.0048
25 54 -0.0208
25 55 -0.0072
25 56 -0.004
25 57 -0.0032
25 58 -0.0032
25 59 -0.0008
25 60 -0.0088
25 61 -0.0024
25 62 -0.0032
25 63 -0.0024

26 0 -0.0024
26 1 -0.0032
26 2 -0.0072
26 3 -0.0024
26 4 -0.0032
26 5 -0.0048
26 6 -0.0032
26 7 -0.004
26 8 -0.0024
26 9 -0.0104
26 10 -0.0112
26 11 -0.008
26 12 -0.008
26 13 -0.0048
26 14 -0.0056
26 15 -0.0048
26 16 -0.0048
26 17 -0.004
26 18 -0.0024
26 19 -0.0104
26 20 -0.0032
26 21 -0.0064
26 22 -0.0104
26 23 -0.008
26 24 -0.0024
26 25 -0.0032
26 26 -0.0024
26 27 -0.0008
26 28 -0.004
26 29 -0.004
26 30 -0.0064
26 31 -0.0032
26 32 -0.0096
26 33 -0.0072
26 34 -0.0032
26 35 -0.0056
26 36 -0.004
26 37 -0.0016
26 38 -0.0072
26 39 -0.012
26 40 -0.0024
26 41 -0.008
26 42 -0.0048
26 43 -0.0024
26 44 -0.008
26 45 -0.0048
26 46 -0.0024
26 47 -0.02
26 48 -0.0048
26 49 -0.0048
26 50 -0.0048
26 51 -0.0112
26 52 -0.0048
26 53 0.0008
26 54 -0.02
26 55 -0.008
26 56 -0.004
26 57 -0.0032
26 58 -0.0032
26 59 -0.0096
26 60 -0.0088
26 61 -0.004
26 62 -0.0056
26 63 -0.0024

27 0 0.0
27 1 0.0
27 2 -0.004
27 3 -0.0032
27 4 -0.0008
27 5 -0.0032
27 6 -0.0016
27 7 0.0
27 8 -0.0016
27 9 -0.0104
27 10 -0.004
27 11 -0.0008
27 12 -0.0048
27 13 0.0
27 14 0.0016
27 15 0.0008
27 16 -0.0024
27 17 -0.0024
27 18 -0.0032
27 19 0.0008
27 20 -0.0024
27 21 -0.0008
27 22 0.0
27 23 -0.0016
27 24 0.0
27 25 -0.0008
27 26 -0.0008
27 27 0.0
27 28 -0.0016
27 29 -0.0008
27 30 -0.004
27 31 -0.0024
27 32 -0.0048
27 33 -0.004
27 34 0.0
27 35 -0.004
27 36 0.0
27 37 -0.0024
27 38 0.0
27 39 -0.0024
27 40 -0.0008
27 41 -0.0008
27 42 -0.0024
27 43 -0.0056
27 44 -0.0072
27 45 -0.0008
27 46 0.0
27 47 -0.0136
27 48 0.0
27 49 0.0
27 50 -0.0008
27 51 -0.0096
27 52 -0.004
27 53 -0.004
27 54 -0.0104
27 55 -0.0048
27 56 -0.0008
27 57 -0.0008
27 58 -0.0008
27 59 -0.004
27 60 -0.008
27 61 -0.0008
27 62 -0.0008
27 63 -0.0016

28 0 0.0008
28 1 0.0
28 2 -0.0048
28 3 -0.0024
28 4 -0.004
28 5 0.0
28 6 -0.0024
28 7 0.004
28 8 -0.0008
28 9 -0.0064
28 10 -0.0024
28 11 -0.004
28 12 -0.012
28 13 -0.0048
28 14 -0.0048
28 15 -0.0008
28 16 0.0008
28 17 -0.0016
28 18 -0.0024
28 19 0.0
28 20 0.0
28 21 -0.0048
28 22 -0.0048
28 23 -0.0048
28 24 0.0
28 25 -0.0048
28 26 -0.004
28 27 -0.0016
28 28 0.0
28 29 -0.0016
28 30 -0.0016
28 31 -0.0016
28 32 -0.0072
28 33 -0.0056
28 34 0.0008
28 35 -0.0032
28 36 0.0
28 37 0.0008
28 38 -0.004
28 39 -0.0016
28 40 -0.0024
28 41 -0.004
28 42 -0.0024
28 43 -0.0056
28 44 -0.0024
28 45 -0.0032
28 46 -0.0008
28 47 -0.0144
28 48 -0.0032
28 49 -0.0024
28 50 0.0
28 51 -0.0064
28 52 0.0
28 53 -0.0008
28 54 -0.0104
28 55 -0.0016
28 56 -0.0032
28 57 -0.0016
28 58 -0.0008
28 59 -0.0024
28 60 -0.004
28 61 0.0
28 62 -0.0008
28 63 -0.004

29 0 -0.004
29 1 -0.0024
29 2 -0.0088
29 3 -0.0016
29 4 -0.0064
29 5 -0.0064
29 6 -0.0096
29 7 -0.0072
29 8 -0.0048
29 9 -0.0136
29 10 -0.0056
29 11 -0.0048
29 12 -0.0032
29 13 -0.0048
29 14 -0.004
29 15 -0.0024
29 16 -0.004
29 17 -0.0048
29 18 -0.004
29 19 -0.0024
29 20 -0.0064
29 21 -0.0032
29 22 -0.0048
29 23 -0.0056
29 24 -0.004
29 25 -0.0024
29 26 -0.004
29 27 -0.0008
29 28 -0.0016
29 29 -0.004
29 30 -0.0056
29 31 -0.0072
29 32 -0.012
29 33 -0.0072
29 34 -0.0056
29 35 -0.0064
29 36 -0.0032
29 37 -0.0064
29 38 -0.0104
29 39 -0.0048
29 40 -0.0024
29 41 -0.0056
29 42 -0.0072
29 43 -0.0056
29 44 -0.004
29 45 -0.0056
29 46 -0.0024
29 47 -0.0136
29 48 -0.004
29 49 -0.004
29 50 -0.0024
29 51 -0.008
29 52 -0.0056
29 53 -0.0048
29 54 -0.0136
29 55 -0.0056
29 56 -0.0112
29 57 -0.0096
29 58 -0.004
29 59 -0.0024
29 60 -0.008
29 61 -0.0048
29 62 -0.004
29 63 -0.0032

30 0 -0.0024
30 1 -0.0048
30 2 -0.008
30 3 -0.0024
30 4 -0.0048
30 5 -0.004
30 6 -0.0056
30 7 -0.0032
30 8 -0.004
30 9 -0.0088
30 10 -0.0056
30 11 -0.0064
30 12 -0.0056
30 13 -0.0056
30 14 -0.0024
30 15 -0.004
30 16 -0.0056
30 17 -0.0024
30 18 -0.0032
30 19 -0.0064
30 20 -0.0048
30 21 -0.0032
30 22 -0.0016
30 23 -0.0024
30 24 -0.0024
30 25 -0.004
30 26 -0.0064
30 27 -0.004
30 28 -0.0016
30 29 -0.0056
30 30 -0.0024
30 31 -0.0056
30 32 -0.0128
30 33 -0.008
30 34 -0.0032
30 35 -0.0024
30 36 -0.0016
30 37 -0.0064
30 38 -0.0072
30 39 -0.0072
30 40 -0.0032
30 41 -0.008
30 42 -0.004
30 43 -0.0056
30 44 -0.0072
30 45 -0.0056
30 46 -0.0024
30 47 -0.0176
30 48 -0.004
30 49 -0.0032
30 50 -0.0032
30 51 -0.008
30 52 -0.0064
30 53 -0.0056
30 54 -0.0168
30 55 -0.0048
30 56 -0.0048
30 57 -0.0056
30 58 -0.0032
30 59 -0.0056
30 60 -0.0056
30 61 -0.004
30 62 -0.0056
30 63 -0.0032

31 0 -0.0016
31 1 -0.004
31 2 -0.0032
31 3 -0.004
31 4 -0.0056
31 5 -0.004
31 6 -0.0056
31 7 -0.0024
31 8 -0.0008
31 9 -0.0104
31 10 -0.0064
31 11 -0.0008
31 12 -0.004
31 13 -0.0048
31 14 -0.0024
31 15 -0.0032
31 16 -0.0016
31 17 -0.0024
31 18 -0.0024
31 19 -0.0056
31 20 -0.0032
31 21 0.0008
31 22 -0.004
31 23 -0.0056
31 24 -0.0016
31 25 -0.0056
31 26 -0.0032
31 27 -0.0024
31 28 -0.0016
31 29 -0.0072
31 30 -0.0056
31 31 -0.0016
31 32 -0.0096
31 33 -0.0032
31 34 -0.0016
31 35 -0.0048
31 36 -0.0016
31 37 -0.0056
31 38 -0.0048
31 39 -0.004
31 40 -0.0024
31 41 -0.004
31 42 -0.0016
31 43 -0.0048
31 44 -0.004
31 45 -0.0032
31 46 -0.0048
31 47 -0.0176
31 48 -0.0024
31 49 -0.0024
31 50 -0.004
31 51 -0.008
31 52 -0.0056
31 53 -0.004
31 54 -0.0136
31 55 -0.0056
31 56 -0.0032
31 57 -0.0016
31 58 -0.0016
31 59 -0.004
31 60 -0.0088
31 61 -0.0016
31 62 -0.0056
31 63 0.0

32 0 -0.008
32 1 -0.0056
32 2 -0.0096
32 3 -0.0112
32 4 -0.0112
32 5 -0.0088
32 6 -0.0088
32 7 -0.0072
32 8 -0.0072
32 9 -0.0168
32 10 -0.0088
32 11 -0.0072
32 12 -0.0088
32 13 -0.0096
32 14 -0.0088
32 15 -0.0096
32 16 -0.0088
32 17 -0.0088
32 18 -0.0112
32 19 -0.008
32 20 -0.0096
32 21 -0.008
32 22 -0.0104
32 23 -0.0096
32 24 -0.008
32 25 -0.008
32 26 -0.0096
32 27 -0.0048
32 28 -0.0072
32 29 -0.012
32 30 -0.0128
32 31 -0.0096
32 32 -0.0088
32 33 -0.0088
32 34 -0.0072
32 35 -0.0088
32 36 -0.0072
32 37 -0.0104
32 38 -0.0104
32 39 -0.012
32 40 -0.004
32 41 -0.0104
32 42 -0.0104
32 43 -0.0072
32 44 -0.0096
32 45 -0.0104
32 46 -0.0088
32 47 -0.0192
32 48 -0.0104
32 49 -0.0088
32 50 -0.0096
32 51 -0.0192
32 52 -0.008
32 53 -0.0104
32 54 -0.0168
32 55 -0.0128
32 56 -0.0104
32 57 -0.0104
32 58 -0.0088
32 59 -0.008
32 60 -0.0112
32 61 -0.0096
32 62 -0.0072
32 63 -0.0112

33 0 -0.0024
33 1 -0.0016
33 2 -0.012
33 3 -0.004
33 4 -0.0072
33 5 -0.0048
33 6 -0.004
33 7 -0.0048
33 8 -0.004
33 9 -0.0096
33 10 -0.0048
33 11 -0.008
33 12 -0.008
33 13 -0.0072
33 14 -0.004
33 15 -0.0032
33 16 -0.004
33 17 -0.0048
33 18 -0.0032
33 19 -0.0048
33 20 -0.0024
33 21 -0.0048
33 22 -0.0032
33 23 -0.0048
33 24 -0.0024
33 25 -0.004
33 26 -0.0072
33 27 -0.004
33 28 -0.0056
33 29 -0.0072
33 30 -0.008
33 31 -0.0032
33 32 -0.0088
33 33 -0.0024
33 34 -0.0072
33 35 -0.008
33 36 -0.0024
33 37 -0.004
33 38 -0.0072
33 39 -0.004
33 40 -0.0016
33 41 -0.0072
33 42 -0.004
33 43 -0.004
33 44 -0.0072
33 45 -0.0048
33 46 -0.0056
33 47 -0.0136
33 48 -0.0056
33 49 -0.004
33 50 -0.004
33 51 -0.0088
33 52 -0.004
33 53 -0.0056
33 54 -0.0104
33 55 -0.0048
33 56 -0.0088
33 57 -0.0048
33 58 -0.0048
33 59 -0.0056
33 60 -0.0088
33 61 -0.0056
33 62 -0.0056
33 63 -0.0032

34 0 0.0008
34 1 -0.0008
34 2 -0.0048
34 3 -0.0008
34 4 -0.0016
34 5 0.0
34 6 -0.0072
34 7 -0.0112
34 8 -0.0008
34 9 -0.0096
34 10 -0.0024
34 11 -0.0032
34 12 -0.004
34 13 -0.0048
34 14 0.0008
34 15 -0.0056
34 16 -0.0008
34 17 -0.004
34 18 -0.0016
34 19 -0.0024
34 20 -0.0032
34 21 0.0
34 22 -0.0016
34 23 -0.0048
34 24 0.0008
34 25 -0.0008
34 26 -0.0032
34 27 0.0
34 28 0.0008
34 29 -0.0056
34 30 -0.0032
34 31 -0.0016
34 32 -0.0072
34 33 -0.0072
34 34 0.0008
34 35 -0.0056
34 36 0.0008
34 37 -0.0032
34 38 -0.0056
34 39 -0.0016
34 40 0.0
34 41 -0.0008
34 42 -0.0032
34 43 -0.0048
34 44 -0.004
34 45 -0.0024
34 46 0.0
34 47 -0.0168
34 48 -0.004
34 49 -0.0032
34 50 -0.0008
34 51 -0.008
34 52 -0.0072
34 53 -0.0048
34 54 -0.0096
34 55 -0.0072
34 56 -0.0144
34 57 -0.0096
34 58 0.0
34 59 -0.0048
34 60 -0.0072
34 61 0.0
34 62 -0.0008
34 63 0.0

35 0 -0.0048
35 1 -0.0056
35 2 -0.0088
35 3 -0.0024
35 4 -0.0032
35 5 -0.0032
35 6 -0.004
35 7 -0.0048
35 8 -0.0016
35 9 -0.0128
35 10 -0.008
35 11 -0.0064
35 12 -0.0016
35 13 -0.0048
35 14 -0.0032
35 15 -0.008
35 16 -0.0032
35 17 -0.0024
35 18 -0.0008
35 19 -0.004
35 20 -0.0064
35 21 -0.0016
35 22 -0.0048
35 23 -0.0064
35 24 -0.0048
35 25 -0.0016
35 26 -0.0056
35 27 -0.004
35 28 -0.0032
35 29 -0.0064
35 30 -0.0024
35 31 -0.0048
35 32 -0.0088
35 33 -0.008
35 34 -0.0056
35 35 -0.0048
35 36 -0.0032
35 37 -0.0016
35 38 -0.0072
35 39 -0.0048
35 40 -0.0048
35 41 -0.004
35 42 -0.0064
35 43 -0.0048
35 44 -0.0064
35 45 -0.0088
35 46 -0.0032
35 47 -0.0176
35 48 -0.0072
35 49 -0.0048
35 50 -0.004
35 51 -0.0096
35 52 -0.004
35 53 -0.0064
35 54 -0.0104
35 55 -0.0088
35 56 -0.0104
35 57 -0.0064
35 58 -0.0048
35 59 -0.0056
35 60 -0.0064
35 61 -0.0056
35 62 -0.0024
35 63 -0.0016

36 0 -0.0008
36 1 0.0
36 2 0.0
36 3 -0.0008
36 4 -0.0016
36 5 -0.0016
36 6 0.0008
36 7 0.0008
36 8 0.0
36 9 -0.008
36 10 -0.0056
36 11 -0.0016
36 12 -0.0056
36 13 0.0
36 14 -0.0008
36 15 -0.0008
36 16 0.0
36 17 -0.004
36 18 0.0008
36 19 -0.0008
36 20 -0.0024
36 21 -0.0008
36 22 -0.0008
36 23 -0.0008
36 24 -0.0008
36 25 -0.0016
36 26 -0.004
36 27 0.0
36 28 0.0
36 29 -0.0032
36 30 -0.0016
36 31 -0.0016
36 32 -0.0072
36 33 -0.0024
36 34 0.0008
36 35 -0.0032
36 36 0.0
36 37 -0.004
36 38 -0.0016
36 39 -0.0032
36 40 -0.0024
36 41 -0.0024
36 42 0.0
36 43 -0.004
36 44 -0.0032
36 45 -0.0024
36 46 -0.0016
36 47 -0.0152
36 48 0.0
36 49 0.0008
36 50 -0.0008
36 51 -0.0096
36 52 -0.0032
36 53 -0.0032
36 54 -0.0152
36 55 -0.004
36 56 -0.0024
36 57 0.0008
36 58 -0.0008
36 59 -0.0024
36 60 -0.0072
36 61 -0.0008
36 62 0.0
36 63 0.0

37 0 -0.0048
37 1 -0.0032
37 2 -0.0048
37 3 -0.0056
37 4 -0.0048
37 5 -0.0064
37 6 -0.0072
37 7 -0.004
37 8 -0.0032
37 9 -0.0096
37 10 -0.0104
37 11 -0.0032
37 12 -0.0016
37 13 -0.0048
37 14 -0.004
37 15 -0.0032
37 16 -0.0064
37 17 0.0
37 18 -0.0048
37 19 -0.0048
37 20 -0.0056
37 21 -0.0008
37 22 -0.0016
37 23 -0.0024
37 24 -0.0048
37 25 -0.0048
37 26 -0.0016
37 27 -0.0024
37 28 0.0008
37 29 -0.0064
37 30 -0.0064
37 31 -0.0056
37 32 -0.0104
37 33 -0.004
37 34 -0.0032
37 35 -0.0016
37 36 -0.004
37 37 -0.0048
37 38 -0.0064
37 39 -0.0088
37 40 -0.0016
37 41 -0.0032
37 42 -0.0024
37 43 -0.0048
37 44 -0.0032
37 45 -0.0032
37 46 -0.0064
37 47 -0.0152
37 48 -0.0056
37 49 -0.0048
37 50 -0.0056
37 51 -0.0104
37 52 -0.0064
37 53 -0.0056
37 54 -0.0144
37 55 -0.0048
37 56 -0.004
37 57 -0.004
37 58 -0.004
37 59 -0.0032
37 60 -0.0088
37 61 -0.0048
37 62 -0.0032
37 63 0.0

38 0 -0.0032
38 1 -0.0032
38 2 -0.0088
38 3 -0.0016
38 4 -0.0088
38 5 -0.0048
38 6 -0.0112
38 7 -0.0064
38 8 -0.0024
38 9 -0.0112
38 10 -0.0056
38 11 -0.0048
38 12 -0.0024
38 13 -0.0056
38 14 -0.0016
38 15 -0.0056
38 16 -0.0048
38 17 -0.0032
38 18 -0.0008
38 19 -0.004
38 20 -0.0048
38 21 -0.0024
38 22 -0.0032
38 23 -0.0048
38 24 -0.0032
38 25 -0.0024
38 26 -0.0072
38 27 0.0
38 28 -0.004
38 29 -0.0104
38 30 -0.0072
38 31 -0.0048
38 32 -0.0104
38 33 -0.0072
38 34 -0.0056
38 35 -0.0072
38 36 -0.0016
38 37 -0.0064
38 38 -0.0032
38 39 -0.0048
38 40 -0.0048
38 41 -0.0072
38 42 -0.004
38 43 -0.0048
38 44 -0.004
38 45 -0.0072
38 46 -0.0032
38 47 -0.012
38 48 -0.0024
38 49 -0.004
38 50 -0.004
38 51 -0.0104
38 52 -0.0064
38 53 -0.0056
38 54 -0.0096
38 55 -0.0064
38 56 -0.0104
38 57 -0.0104
38 58 -0.004
38 59 -0.0048
38 60 -0.008
38 61 -0.004
38 62 -0.0024
38 63 -0.0024

39 0 -0.004
39 1 -0.0024
39 2 -0.0056
39 3 -0.0048
39 4 -0.0024
39 5 -0.0056
39 6 -0.0016
39 7 -0.004
39 8 -0.0016
39 9 -0.0144
39 10 -0.0216
39 11 -0.004
39 12 -0.0008
39 13 -0.0024
39 14 0.0
39 15 -0.0032
39 16 -0.0048
39 17 -0.0096
39 18 -0.0016
39 19 -0.0072
39 20 -0.0056
39 21 -0.0032
39 22 -0.0088
39 23 -0.0064
39 24 -0.004
39 25 -0.0096
39 26 -0.012
39 27 -0.0024
39 28 -0.0016
39 29 -0.0048
39 30 -0.0072
39 31 -0.004
39 32 -0.012
39 33 -0.004
39 34 -0.0016
39 35 -0.0048
39 36 -0.0032
39 37 -0.0088
39 38 -0.0048
39 39 -0.004
39 40 -0.0056
39 41 -0.0048
39 42 -0.004
39 43 -0.0072
39 44 -0.0104
39 45 -0.0056
39 46 -0.0064
39 47 -0.0216
39 48 -0.0048
39 49 -0.0048
39 50 -0.0048
39 51 -0.0192
39 52 -0.0064
39 53 -0.0016
39 54 -0.028
39 55 -0.0096
39 56 -0.0024
39 57 -0.0032
39 58 -0.004
39 59 -0.0072
39 60 -0.008
39 61 -0.0024
39 62 -0.004
39 63 -0.0024

40 0 -0.0008
40 1 0.0
40 2 -0.0056
40 3 -0.0024
40 4 -0.0024
40 5 -0.004
40 6 -0.004
40 7 -0.0024
40 8 -0.0008
40 9 -0.0104
40 10 -0.008
40 11 -0.004
40 12 -0.0032
40 13 0.0
40 14 -0.0008
40 15 -0.0056
40 16 -0.0024
40 17 -0.0016
40 18 -0.0032
40 19 -0.0024
40 20 -0.004
40 21 -0.0016
40 22 -0.008
40 23 -0.0096
40 24 -0.0016
40 25 -0.0064
40 26 -0.0024
40 27 -0.0008
40 28 -0.0024
40 29 -0.0024
40 30 -0.0032
40 31 -0.0024
40 32 -0.004
40 33 -0.0016
40 34 0.0
40 35 -0.0048
40 36 -0.0024
40 37 -0.0016
40 38 -0.0048
40 39 -0.0056
40 40 -0.0016
40 41 -0.0016
40 42 -0.004
40 43 -0.0048
40 44 -0.0056
40 45 -0.0016
40 46 -0.0016
40 47 -0.0176
40 48 -0.0024
40 49 -0.0032
40 50 -0.004
40 51 -0.0104
40 52 -0.0048
40 53 -0.0032
40 54 -0.0152
40 55 -0.0048
40 56 -0.004
40 57 -0.0056
40 58 -0.0024
40 59 -0.0024
40 60 -0.0064
40 61 -0.004
40 62 -0.004
40 63 -0.0016

41 0 -0.0024
41 1 -0.0016
41 2 -0.0088
41 3 -0.0032
41 4 -0.0048
41 5 -0.004
41 6 -0.0056
41 7 -0.0024
41 8 -0.0032
41 9 -0.0048
41 10 -0.004
41 11 -0.0088
41 12 -0.0088
41 13 -0.0032
41 14 -0.0032
41 15 -0.004
41 16 -0.0024
41 17 -0.0056
41 18 -0.0032
41 19 -0.004
41 20 -0.0032
41 21 -0.0016
41 22 -0.0032
41 23 -0.004
41 24 -0.0016
41 25 -0.0024
41 26 -0.008
41 27 -0.0008
41 28 -0.004
41 29 -0.0056
41 30 -0.008
41 31 -0.004
41 32 -0.0104
41 33 -0.0072
41 34 -0.0008
41 35 -0.004
41 36 -0.0024
41 37 -0.0032
41 38 -0.0072
41 39 -0.0048
41 40 -0.0016
41 41 -0.0016
41 42 -0.0024
41 43 -0.0048
41 44 -0.004
41 45 -0.0064
41 46 -0.0024
41 47 -0.0152
41 48 -0.0056
41 49 -0.0032
41 50 -0.0024
41 51 -0.0096
41 52 -0.0016
41 53 -0.004
41 54 -0.0104
41 55 -0.0032
41 56 -0.004
41 57 -0.0056
41 58 -0.0016
41 59 -0.0048
41 60 -0.008
41 61 -0.0024
41 62 -0.0016
41 63 -0.0024

42 0 -0.0032
42 1 -0.0024
42 2 -0.004
42 3 0.0
42 4 -0.0032
42 5 -0.0024
42 6 -0.0032
42 7 -0.004
42 8 -0.004
42 9 -0.0112
42 10 -0.0056
42 11 -0.0032
42 12 -0.0048
42 13 -0.0032
42 14 -0.0016
42 15 -0.0048
42 16 -0.0024
42 17 -0.0048
42 18 -0.0016
42 19 -0.0032
42 20 -0.0056
42 21 -0.0016
42 22 -0.0056
42 23 -0.0056
42 24 -0.0032
42 25 -0.0032
42 26 -0.0048
42 27 -0.0024
42 28 -0.0024
42 29 -0.0072
42 30 -0.004
42 31 -0.0016
42 32 -0.0104
42 33 -0.004
42 34 -0.0032
42 35 -0.0064
42 36 0.0
42 37 -0.0024
42 38 -0.004
42 39 -0.004
42 40 -0.004
42 41 -0.0024
42 42 -0.0032
42 43 -0.0056
42 44 -0.0032
42 45 -0.004
42 46 -0.0072
42 47 -0.0168
42 48 -0.0016
42 49 -0.004
42 50 -0.0024
42 51 -0.0088
42 52 -0.0048
42 53 -0.0048
42 54 -0.0112
42 55 -0.0048
42 56 -0.0056
42 57 -0.0048
42 58 -0.0032
42 59 -0.004
42 60 -0.0072
42 61 -0.004
42 62 -0.0056
42 63 -0.004

43 0 -0.0056
43 1 -0.0064
43 2 -0.0024
43 3 -0.0056
43 4 -0.0064
43 5 -0.0056
43 6 -0.0088
43 7 -0.0024
43 8 -0.0016
43 9 -0.0088
43 10 -0.0056
43 11 -0.0072
43 12 -0.0056
43 13 -0.0072
43 14 -0.0048
43 15 -0.004
43 16 -0.0056
43 17 -0.0048
43 18 -0.0032
43 19 -0.0048
43 20 -0.0072
43 21 -0.0032
43 22 -0.0048
43 23 -0.0056
43 24 -0.0056
43 25 -0.0096
43 26 -0.0024
43 27 -0.0056
43 28 -0.0056
43 29 -0.0056
43 30 -0.0056
43 31 -0.0048
43 32 -0.0072
43 33 -0.004
43 34 -0.0048
43 35 -0.0048
43 36 -0.004
43 37 -0.0048
43 38 -0.0048
43 39 -0.0072
43 40 -0.0048
43 41 -0.0048
43 42 -0.0056
43 43 -0.0056
43 44 -0.0112
43 45 -0.0088
43 46 -0.0072
43 47 -0.0248
43 48 -0.0032
43 49 -0.0056
43 50 -0.0048
43 51 -0.012
43 52 -0.0136
43 53 -0.0072
43 54 -0.0216
43 55 -0.008
43 56 -0.0088
43 57 -0.0096
43 58 -0.0056
43 59 -0.004
43 60 -0.0088
43 61 -0.0072
43 62 -0.0056
43 63 -0.0032

44 0 -0.0032
44 1 -0.004
44 2 -0.004
44 3 -0.0064
44 4 -0.0064
44 5 -0.0056
44 6 -0.0024
44 7 -0.0016
44 8 -0.0064
44 9 -0.0128
44 10 -0.0152
44 11 -0.0056
44 12 -0.0056
44 13 -0.0032
44 14 -0.0048
44 15 -0.0016
44 16 -0.0024
44 17 -0.0056
44 18 -0.0024
44 19 -0.0072
44 20 -0.004
44 21 -0.008
44 22 -0.0048
44 23 -0.0064
44 24 -0.0032
44 25 -0.0128
44 26 -0.008
44 27 -0.0072
44 28 -0.0024
44 29 -0.004
44 30 -0.0072
44 31 -0.004
44 32 -0.0096
44 33 -0.0072
44 34 -0.004
44 35 -0.0064
44 36 -0.0032
44 37 -0.0032
44 38 -0.004
44 39 -0.0104
44 40 -0.0056
44 41 -0.004
44 42 -0.0032
44 43 -0.0112
44 44 -0.0032
44 45 -0.004
44 46 -0.0048
44 47 -0.0304
44 48 -0.0032
44 49 -0.0032
44 50 -0.0056
44 51 -0.0152
44 52 -0.0096
44 53 -0.0032
44 54 -0.0192
44 55 -0.0048
44 56 -0.0072
44 57 -0.0064
44 58 -0.0032
44 59 -0.0024
44 60 -0.0088
44 61 -0.004
44 62 -0.0064
44 63 -0.0024

45 0 -0.0024
45 1 -0.0032
45 2 -0.004
45 3 -0.0024
45 4 -0.0032
45 5 -0.0008
45 6 -0.0064
45 7 -0.0024
45 8 -0.0024
45 9 -0.0104
45 10 -0.0056
45 11 -0.0064
45 12 -0.0064
45 13 -0.004
45 14 -0.0016
45 15 -0.0032
45 16 -0.004
45 17 -0.0056
45 18 -0.0024
45 19 -0.004
45 20 -0.0048
45 21 -0.0024
45 22 -0.0064
45 23 -0.0096
45 24 -0.0016
45 25 -0.0048
45 26 -0.0048
45 27 -0.0008
45 28 -0.0032
45 29 -0.0056
45 30 -0.0056
45 31 -0.0032
45 32 -0.0104
45 33 -0.0048
45 34 -0.0024
45 35 -0.0088
45 36 -0.0024
45 37 -0.0032
45 38 -0.0072
45 39 -0.0056
45 40 -0.0016
45 41 -0.0064
45 42 -0.004
45 43 -0.0088
45 44 -0.004
45 45 -0.0024
45 46 -0.0072
45 47 -0.0176
45 48 -0.0048
45 49 -0.0032
45 50 -0.0016
45 51 -0.008
45 52 -0.0056
45 53 -0.0032
45 54 -0.0112
45 55 -0.0064
45 56 -0.0048
45 57 -0.0056
45 58 -0.0032
45 59 -0.004
45 60 -0.0056
45 61 -0.004
45 62 -0.0008
45 63 -0.0032

46 0 -0.0032
46 1 -0.0016
46 2 -0.0056
46 3 -0.0008
46 4 -0.0032
46 5 -0.0064
46 6 -0.0008
46 7 -0.0024
46 8 -0.0024
46 9 -0.0088
46 10 -0.0064
46 11 -0.0024
46 12 -0.004
46 13 -0.0048
46 14 -0.0008
46 15 -0.0016
46 16 -0.0032
46 17 -0.0016
46 18 -0.0024
46 19 -0.0016
46 20 -0.0072
46 21 -0.0032
46 22 -0.0048
46 23 -0.0072
46 24 -0.0032
46 25 -0.0064
46 26 -0.0024
46 27 0.0
46 28 -0.0008
46 29 -0.0024
46 30 -0.0024
46 31 -0.0048
46 32 -0.0088
46 33 -0.0056
46 34 0.0
46 35 -0.0032
46 36 -0.0016
46 37 -0.0064
46 38 -0.0032
46 39 -0.0064
46 40 -0.0016
46 41 -0.0024
46 42 -0.0072
46 43 -0.0072
46 44 -0.0048
46 45 -0.0072
46 46 -0.0032
46 47 -0.0176
46 48 -0.0048
46 49 -0.0048
46 50 -0.0064
46 51 -0.008
46 52 -0.0056
46 53 -0.0064
46 54 -0.0168
46 55 -0.0056
46 56 -0.0056
46 57 -0.0032
46 58 -0.0032
46 59 0.0
46 60 -0.0072
46 61 -0.0032
46 62 -0.0008
46 63 -0.0048

47 0 -0.0168
47 1 -0.0136
47 2 -0.0104
47 3 -0.0216
47 4 -0.0184
47 5 -0.0168
47 6 -0.0144
47 7 -0.0136
47 8 -0.0168
47 9 -0.0224
47 10 -0.024
47 11 -0.0144
47 12 -0.0224
47 13 -0.0144
47 14 -0.0168
47 15 -0.016
47 16 -0.0176
47 17 -0.0176
47 18 -0.0176
47 19 -0.0184
47 20 -0.0208
47 21 -0.0184
47 22 -0.0176
47 23 -0.02
47 24 -0.0168
47 25 -0.0248
47 26 -0.02
47 27 -0.0136
47 28 -0.0144
47 29 -0.0136
47 30 -0.0176
47 31 -0.0176
47 32 -0.0192
47 33 -0.0136
47 34 -0.0168
47 35 -0.0176
47 36 -0.0152
47 37 -0.0152
47 38 -0.012
47 39 -0.0216
47 40 -0.0176
47 41 -0.0152
47 42 -0.0168
47 43 -0.0248
47 44 -0.0304
47 45 -0.0176
47 46 -0.0176
47 47 -0.0168
47 48 -0.0176
47 49 -0.0144
47 50 -0.0192
47 51 -0.0256
47 52 -0.0208
47 53 -0.0128
47 54 -0.0328
47 55 -0.02
47 56 -0.0112
47 57 -0.0184
47 58 -0.0176
47 59 -0.0144
47 60 -0.0176
47 61 -0.0184
47 62 -0.0176
47 63 -0.0128

48 0 -0.0008
48 1 -0.0016
48 2 -0.0032
48 3 -0.0048
48 4 -0.0024
48 5 -0.0048
48 6 -0.008
48 7 -0.0024
48 8 0.0
48 9 -0.0072
48 10 -0.0072
48 11 -0.0072
48 12 -0.0032
48 13 -0.0048
48 14 -0.0024
48 15 -0.0024
48 16 -0.0024
48 17 -0.0048
48 18 -0.0032
48 19 -0.0032
48 20 -0.0032
48 21 -0.004
48 22 -0.008
48 23 -0.008
48 24 -0.0016
48 25 -0.0024
48 26 -0.0048
48 27 0.0
48 28 -0.0032
48 29 -0.004
48 30 -0.004
48 31 -0.0024
48 32 -0.0104
48 33 -0.0056
48 34 -0.004
48 35 -0.0072
48 36 0.0
48 37 -0.0056
48 38 -0.0024
48 39 -0.0048
48 40 -0.0024
48 41 -0.0056
48 42 -0.0016
48 43 -0.0032
48 44 -0.0032
48 45 -0.0048
48 46 -0.0048
48 47 -0.0176
48 48 -0.0016
48 49 -0.004
48 50 -0.0024
48 51 -0.0112
48 52 -0.004
48 53 -0.0024
48 54 -0.0136
48 55 -0.0072
48 56 -0.004
48 57 -0.0048
48 58 -0.0008
48 59 -0.004
48 60 -0.0064
48 61 -0.0024
48 62 -0.0024
48 63 -0.004

49 0 -0.0024
49 1 -0.0032
49 2 -0.0072
49 3 -0.004
49 4 -0.0032
49 5 -0.0056
49 6 -0.0048
49 7 -0.0048
49 8 -0.0024
49 9 -0.0072
49 10 -0.0024
49 11 -0.0032
49 12 -0.0048
49 13 -0.0008
49 14 -0.0024
49 15 -0.0016
49 16 -0.0048
49 17 -0.0016
49 18 -0.0032
49 19 0.0008
49 20 -0.0048
49 21 -0.0024
49 22 -0.004
49 23 -0.0072
49 24 -0.0024
49 25 -0.0032
49 26 -0.0048
49 27 0.0
49 28 -0.0024
49 29 -0.004
49 30 -0.0032
49 31 -0.0024
49 32 -0.0088
49 33 -0.004
49 34 -0.0032
49 35 -0.0048
49 36 0.0008
49 37 -0.0048
49 38 -0.004
49 39 -0.0048
49 40 -0.0032
49 41 -0.0032
49 42 -0.004
49 43 -0.0056
49 44 -0.0032
49 45 -0.0032
49 46 -0.0048
49 47 -0.0144
49 48 -0.004
49 49 -0.0024
49 50 -0.0048
49 51 -0.0088
49 52 -0.0072
49 53 -0.0032
49 54 -0.0112
49 55 -0.0056
49 56 -0.008
49 57 -0.0056
49 58 -0.0032
49 59 -0.0024
49 60 -0.0072
49 61 -0.0032
49 62 -0.0032
49 63 -0.0008

50 0 -0.0008
50 1 -0.0024
50 2 -0.0016
50 3 -0.0016
50 4 -0.0008
50 5 -0.0032
50 6 -0.0032
50 7 -0.0008
50 8 0.0
50 9 -0.0088
50 10 -0.004
50 11 -0.0048
50 12 -0.004
50 13 -0.0064
50 14 -0.0008
50 15 -0.0032
50 16 -0.0032
50 17 -0.0032
50 18 -0.0016
50 19 -0.0024
50 20 -0.0056
50 21 -0.0048
50 22 -0.0032
50 23 -0.0056
50 24 -0.0008
50 25 -0.0032
50 26 -0.0048
50 27 -0.0008
50 28 0.0
50 29 -0.0024
50 30 -0.0032
50 31 -0.004
50 32 -0.0096
50 33 -0.004
50 34 -0.0008
50 35 -0.004
50 36 -0.0008
50 37 -0.0056
50 38 -0.004
50 39 -0.0048
50 40 -0.004
50 41 -0.0024
50 42 -0.0024
50 43 -0.0048
50 44 -0.0056
50 45 -0.0016
50 46 -0.0064
50 47 -0.0192
50 48 -0.0024
50 49 -0.0048
50 50 -0.0008
50 51 -0.0104
50 52 -0.0048
50 53 -0.0056
50 54 -0.012
50 55 -0.0032
50 56 -0.0032
50 57 -0.0032
50 58 -0.0024
50 59 -0.0032
50 60 -0.008
50 61 -0.0024
50 62 -0.004
50 63 -0.0016

51 0 -0.0088
51 1 -0.008
51 2 -0.008
51 3 -0.016
51 4 -0.008
51 5 -0.0096
51 6 -0.0064
51 7 -0.008
51 8 -0.0104
51 9 -0.0144
51 10 -0.016
51 11 -0.0072
51 12 -0.0104
51 13 -0.008
51 14 -0.0088
51 15 -0.0096
51 16 -0.008
51 17 -0.02
51 18 -0.008
51 19 -0.0112
51 20 -0.0096
51 21 -0.0104
51 22 -0.0056
51 23 -0.008
51 24 -0.0088
51 25 -0.0128
51 26 -0.0112
51 27 -0.0096
51 28 -0.0064
51 29 -0.008
51 30 -0.008
51 31 -0.008
51 32 -0.0192
51 33 -0.0088
51 34 -0.008
51 35 -0.0096
51 36 -0.0096
51 37 -0.0104
51 38 -0.0104
51 39 -0.0192
51 40 -0.0104
51 41 -0.0096
51 42 -0.0088
51 43 -0.012
51 44 -0.0152
51 45 -0.008
51 46 -0.008
51 47 -0.0256
51 48 -0.0112
51 49 -0.0088
51 50 -0.0104
51 51 -0.0088
51 52 -0.0112
51 53 -0.0088
51 54 -0.0216
51 55 -0.0112
51 56 -0.0096
51 57 -0.008
51 58 -0.0088
51 59 -0.008
51 60 -0.0104
51 61 -0.0088
51 62 -0.008
51 63 -0.008

52 0 -0.004
52 1 -0.0048
52 2 -0.0032
52 3 -0.0064
52 4 -0.0032
52 5 -0.008
52 6 -0.0064
52 7 -0.0048
52 8 -0.0008
52 9 -0.012
52 10 -0.0072
52 11 -0.0048
52 12 -0.0048
52 13 -0.0064
52 14 -0.0048
52 15 -0.004
52 16 -0.0032
52 17 -0.004
52 18 -0.0024
52 19 -0.004
52 20 -0.0056
52 21 -0.0048
52 22 -0.0048
52 23 -0.0056
52 24 -0.004
52 25 -0.0104
52 26 -0.0048
52 27 -0.004
52 28 0.0
52 29 -0.0056
52 30 -0.0064
52 31 -0.0056
52 32 -0.008
52 33 -0.004
52 34 -0.0072
52 35 -0.004
52 36 -0.0032
52 37 -0.0064
52 38 -0.0064
52 39 -0.0064
52 40 -0.0048
52 41 -0.0016
52 42 -0.0048
52 43 -0.0136
52 44 -0.0096
52 45 -0.0056
52 46 -0.0056
52 47 -0.0208
52 48 -0.004
52 49 -0.0072
52 50 -0.0048
52 51 -0.0112
52 52 -0.004
52 53 -0.0104
52 54 -0.0216
52 55 -0.0048
52 56 -0.0136
52 57 -0.008
52 58 -0.0032
52 59 -0.0056
52 60 -0.0096
52 61 -0.0048
52 62 -0.0064
52 63 -0.0024

53 0 -0.004
53 1 -0.0024
53 2 -0.004
53 3 -0.0032
53 4 -0.0024
53 5 -0.0032
53 6 -0.0072
53 7 -0.0056
53 8 -0.0048
53 9 -0.0104
53 10 -0.0048
53 11 -0.0024
53 12 -0.008
53 13 -0.0096
53 14 -0.0032
53 15 -0.0048
53 16 -0.0048
53 17 -0.0072
53 18 -0.004
53 19 -0.0024
53 20 -0.0056
53 21 -0.0056
53 22 -0.0032
53 23 -0.0048
53 24 -0.004
53 25 -0.0048
53 26 0.0008
53 27 -0.004
53 28 -0.0008
53 29 -0.0048
53 30 -0.0056
53 31 -0.004
53 32 -0.0104
53 33 -0.0056
53 34 -0.0048
53 35 -0.0064
53 36 -0.0032
53 37 -0.0056
53 38 -0.0056
53 39 -0.0016
53 40 -0.0032
53 41 -0.004
53 42 -0.0048
53 43 -0.0072
53 44 -0.0032
53 45 -0.0032
53 46 -0.0064
53 47 -0.0128
53 48 -0.0024
53 49 -0.0032
53 50 -0.0056
53 51 -0.0088
53 52 -0.0104
53 53 -0.004
53 54 -0.0104
53 55 -0.0056
53 56 -0.008
53 57 -0.0064
53 58 -0.0032
53 59 -0.0024
53 60 -0.0072
53 61 -0.004
53 62 -0.0032
53 63 -0.0032

54 0 -0.0112
54 1 -0.0144
54 2 -0.0088
54 3 -0.0112
54 4 -0.008
54 5 -0.0176
54 6 -0.0152
54 7 -0.0104
54 8 -0.0096
54 9 -0.0224
54 10 -0.0256
54 11 -0.0088
54 12 -0.0104
54 13 -0.0096
54 14 -0.0088
54 15 -0.0096
54 16 -0.0104
54 17 -0.0144
54 18 -0.012
54 19 -0.0168
54 20 -0.016
54 21 -0.012
54 22 -0.0144
54 23 -0.0144
54 24 -0.0112
54 25 -0.0208
54 26 -0.02
54 27 -0.0104
54 28 -0.0104
54 29 -0.0136
54 30 -0.0168
54 31 -0.0136
54 32 -0.0168
54 33 -0.0104
54 34 -0.0096
54 35 -0.0104
54 36 -0.0152
54 37 -0.0144
54 38 -0.0096
54 39 -0.028
54 40 -0.0152
54 41 -0.0104
54 42 -0.0112
54 43 -0.0216
54 44 -0.0192
54 45 -0.0112
54 46 -0.0168
54 47 -0.0328
54 48 -0.0136
54 49 -0.0112
54 50 -0.012
54 51 -0.0216
54 52 -0.0216
54 53 -0.0104
54 54 -0.0112
54 55 -0.0184
54 56 -0.0128
54 57 -0.0136
54 58 -0.0128
54 59 -0.0152
54 60 -0.0192
54 61 -0.0136
54 62 -0.0168
54 63 -0.0112

55 0 -0.0056
55 1 -0.004
55 2 -0.0064
55 3 -0.0064
55 4 -0.0064
55 5 -0.0064
55 6 -0.0056
55 7 -0.0056
55 8 -0.004
55 9 -0.0104
55 10 -0.0152
55 11 -0.0064
55 12 -0.0056
55 13 -0.0032
55 14 -0.004
55 15 -0.0064
55 16 -0.004
55 17 -0.0088
55 18 -0.0032
55 19 -0.004
55 20 -0.008
55 21 -0.004
55 22 -0.008
55 23 -0.008
55 24 -0.0056
55 25 -0.0072
55 26 -0.008
55 27 -0.0048
55 28 -0.0016
55 29 -0.0056
55 30 -0.0048
55 31 -0.0056
55 32 -0.0128
55 33 -0.0048
55 34 -0.0072
55 35 -0.0088
55 36 -0.004
55 37 -0.0048
55 38 -0.0064
55 39 -0.0096
55 40 -0.0048
55 41 -0.0032
55 42 -0.0048
55 43 -0.008
55 44 -0.0048
55 45 -0.0064
55 46 -0.0056
55 47 -0.02
55 48 -0.0072
55 49 -0.0056
55 50 -0.0032
55 51 -0.0112
55 52 -0.0048
55 53 -0.0056
55 54 -0.0184
55 55 -0.0056
55 56 -0.0048
55 57 -0.0056
55 58 -0.0048
55 59 -0.0064
55 60 -0.0072
55 61 -0.0048
55 62 -0.0048
55 63 -0.004

56 0 -0.0032
56 1 -0.0064
56 2 -0.008
56 3 -0.0016
56 4 -0.0064
56 5 -0.0032
56 6 -0.0112
56 7 -0.0136
56 8 -0.004
56 9 -0.0136
56 10 -0.0048
56 11 -0.0048
56 12 -0.0048
56 13 -0.008
56 14 -0.0024
56 15 -0.0072
56 16 -0.0024
56 17 -0.004
56 18 -0.004
56 19 -0.0032
56 20 -0.0056
56 21 -0.0016
56 22 -0.0032
56 23 -0.0072
56 24 -0.0024
56 25 -0.004
56 26 -0.004
56 27 -0.0008
56 28 -0.0032
56 29 -0.0112
56 30 -0.0048
56 31 -0.0032
56 32 -0.0104
56 33 -0.0088
56 34 -0.0144
56 35 -0.0104
56 36 -0.0024
56 37 -0.004
56 38 -0.0104
56 39 -0.0024
56 40 -0.004
56 41 -0.004
56 42 -0.0056
56 43 -0.0088
56 44 -0.0072
56 45 -0.0048
56 46 -0.0056
56 47 -0.0112
56 48 -0.004
56 49 -0.008
56 50 -0.0032
56 51 -0.0096
56 52 -0.0136
56 53 -0.008
56 54 -0.0128
56 55 -0.0048
56 56 -0.0024
56 57 -0.0136
56 58 -0.004
56 59 -0.0096
56 60 -0.0104
56 61 -0.0032
56 62 -0.0048
56 63 -0.0032

57 0 -0.0008
57 1 -0.0024
57 2 -0.0056
57 3 -0.004
57 4 -0.0064
57 5 -0.0024
57 6 -0.0152
57 7 -0.0072
57 8 -0.0032
57 9 -0.0088
57 10 -0.0048
57 11 -0.0048
57 12 -0.0064
57 13 -0.0064
57 14 -0.0008
57 15 -0.004
57 16 -0.004
57 17 -0.004
57 18 -0.0032
57 19 -0.004
57 20 -0.0056
57 21 -0.0008
57 22 -0.0032
57 23 -0.0056
57 24 -0.0008
57 25 -0.0032
57 26 -0.0032
57 27 -0.0008
57 28 -0.0016
57 29 -0.0096
57 30 -0.0056
57 31 -0.0016
57 32 -0.0104
57 33 -0.0048
57 34 -0.0096
57 35 -0.0064
57 36 0.0008
57 37 -0.004
57 38 -0.0104
57 39 -0.0032
57 40 -0.0056
57 41 -0.0056
57 42 -0.0048
57 43 -0.0096
57 44 -0.0064
57 45 -0.0056
57 46 -0.0032
57 47 -0.0184
57 48 -0.0048
57 49 -0.0056
57 50 -0.0032
57 51 -0.008
57 52 -0.008
57 53 -0.0064
57 54 -0.0136
57 55 -0.0056
57 56 -0.0136
57 57 -0.0016
57 58 -0.0008
57 59 -0.0024
57 60 -0.0088
57 61 -0.0016
57 62 -0.0008
57 63 -0.0008

58 0 -0.0008
58 1 -0.0032
58 2 -0.0032
58 3 0.0
58 4 -0.004
58 5 -0.0032
58 6 -0.0016
58 7 -0.0016
58 8 -0.0008
58 9 -0.0088
58 10 -0.0048
58 11 -0.004
58 12 -0.0056
58 13 -0.0048
58 14 0.0
58 15 -0.004
58 16 -0.0024
58 17 -0.0048
58 18 -0.0016
58 19 0.0
58 20 -0.004
58 21 -0.0016
58 22 -0.0048
58 23 -0.0064
58 24 -0.0016
58 25 -0.0032
58 26 -0.0032
58 27 -0.0008
58 28 -0.0008
58 29 -0.004
58 30 -0.0032
58 31 -0.0016
58 32 -0.0088
58 33 -0.0048
58 34 0.0
58 35 -0.0048
58 36 -0.0008
58 37 -0.004
58 38 -0.004
58 39 -0.004
58 40 -0.0024
58 41 -0.0016
58 42 -0.0032
58 43 -0.0056
58 44 -0.0032
58 45 -0.0032
58 46 -0.0032
58 47 -0.0176
58 48 -0.0008
58 49 -0.0032
58 50 -0.0024
58 51 -0.0088
58 52 -0.0032
58 53 -0.0032
58 54 -0.0128
58 55 -0.0048
58 56 -0.004
58 57 -0.0008
58 58 -0.0016
58 59 -0.0016
58 60 -0.0072
58 61 -0.0032
58 62 -0.0048
58 63 -0.0016

59 0 -0.0032
59 1 -0.004
59 2 -0.0064
59 3 0.0
59 4 -0.0064
59 5 -0.004
59 6 -0.0024
59 7 -0.0056
59 8 -0.0024
59 9 -0.0112
59 10 -0.0056
59 11 -0.0032
59 12 -0.0056
59 13 -0.0048
59 14 -0.004
59 15 -0.0048
59 16 -0.0056
59 17 -0.0048
59 18 -0.0008
59 19 -0.0048
59 20 -0.0056
59 21 -0.004
59 22 -0.004
59 23 -0.0048
59 24 -0.0032
59 25 -0.0008
59 26 -0.0096
59 27 -0.004
59 28 -0.0024
59 29 -0.0024
59 30 -0.0056
59 31 -0.004
59 32 -0.008
59 33 -0.0056
59 34 -0.0048
59 35 -0.0056
59 36 -0.0024
59 37 -0.0032
59 38 -0.0048
59 39 -0.0072
59 40 -0.0024
59 41 -0.0048
59 42 -0.004
59 43 -0.004
59 44 -0.0024
59 45 -0.004
59 46 0.0
59 47 -0.0144
59 48 -0.004
59 49 -0.0024
59 50 -0.0032
59 51 -0.008
59 52 -0.0056
59 53 -0.0024
59 54 -0.0152
59 55 -0.0064
59 56 -0.0096
59 57 -0.0024
59 58 -0.0016
59 59 -0.0032
59 60 -0.0064
59 61 -0.0032
59 62 -0.004
59 63 -0.0048

60 0 -0.008
60 1 -0.0064
60 2 -0.0072
60 3 -0.0088
60 4 -0.0048
60 5 -0.0104
60 6 -0.008
60 7 -0.0048
60 8 -0.0072
60 9 -0.0104
60 10 -0.0112
60 11 -0.0056
60 12 -0.0112
60 13 -0.0088
60 14 -0.0056
60 15 -0.0072
60 16 -0.008
60 17 -0.0072
60 18 -0.0072
60 19 -0.008
60 20 -0.0096
60 21 -0.0064
60 22 -0.0056
60 23 -0.0088
60 24 -0.008
60 25 -0.0088
60 26 -0.0088
60 27 -0.008
60 28 -0.004
60 29 -0.008
60 30 -0.0056
60 31 -0.0088
60 32 -0.0112
60 33 -0.0088
60 34 -0.0072
60 35 -0.0064
60 36 -0.0072
60 37 -0.0088
60 38 -0.008
60 39 -0.008
60 40 -0.0064
60 41 -0.008
60 42 -0.0072
60 43 -0.0088
60 44 -0.0088
60 45 -0.0056
60 46 -0.0072
60 47 -0.0176
60 48 -0.0064
60 49 -0.0072
60 50 -0.008
60 51 -0.0104
60 52 -0.0096
60 53 -0.0072
60 54 -0.0192
60 55 -0.0072
60 56 -0.0104
60 57 -0.0088
60 58 -0.0072
60 59 -0.0064
60 60 -0.008
60 61 -0.0072
60 62 -0.0088
60 63 -0.008

61 0 -0.0008
61 1 -0.004
61 2 -0.004
61 3 0.0008
61 4 -0.0032
61 5 -0.0032
61 6 -0.0024
61 7 -0.0016
61 8 0.0
61 9 -0.0088
61 10 -0.004
61 11 -0.0032
61 12 -0.0064
61 13 -0.0048
61 14 -0.0008
61 15 -0.0016
61 16 -0.0024
61 17 -0.0048
61 18 -0.0016
61 19 -0.0008
61 20 -0.004
61 21 -0.0024
61 22 -0.0048
61 23 -0.0064
61 24 -0.0008
61 25 -0.0024
61 26 -0.004
61 27 -0.0008
61 28 0.0
61 29 -0.0048
61 30 -0.004
61 31 -0.0016
61 32 -0.0096
61 33 -0.0056
61 34 0.0
61 35 -0.0056
61 36 -0.0008
61 37 -0.0048
61 38 -0.004
61 39 -0.0024
61 40 -0.004
61 41 -0.0024
61 42 -0.004
61 43 -0.0072
61 44 -0.004
61 45 -0.004
61 46 -0.0032
61 47 -0.0184
61 48 -0.0024
61 49 -0.0032
61 50 -0.0024
61 51 -0.0088
61 52 -0.0048
61 53 -0.004
61 54 -0.0136
61 55 -0.0048
61 56 -0.0032
61 57 -0.0016
61 58 -0.0032
61 59 -0.0032
61 60 -0.0072
61 61 -0.0008
61 62 -0.0048
61 63 -0.0008

62 0 -0.0032
62 1 -0.0032
62 2 -0.0064
62 3 -0.0008
62 4 -0.0032
62 5 -0.004
62 6 -0.0008
62 7 -0.0008
62 8 0.0
62 9 -0.008
62 10 -0.0072
62 11 -0.0016
62 12 -0.0032
62 13 -0.0032
62 14 -0.0008
62 15 -0.0032
62 16 -0.004
62 17 0.0008
62 18 -0.004
62 19 -0.0048
62 20 -0.0048
62 21 0.0008
62 22 -0.004
62 23 -0.0024
62 24 -0.0032
62 25 -0.0032
62 26 -0.0056
62 27 -0.0008
62 28 -0.0008
62 29 -0.004
62 30 -0.0056
62 31 -0.0056
62 32 -0.0072
62 33 -0.0056
62 34 -0.0008
62 35 -0.0024
62 36 0.0
62 37 -0.0032
62 38 -0.0024
62 39 -0.004
62 40 -0.004
62 41 -0.0016
62 42 -0.0056
62 43 -0.0056
62 44 -0.0064
62 45 -0.0008
62 46 -0.0008
62 47 -0.0176
62 48 -0.0024
62 49 -0.0032
62 50 -0.004
62 51 -0.008
62 52 -0.0064
62 53 -0.0032
62 54 -0.0168
62 55 -0.0048
62 56 -0.0048
62 57 -0.0008
62 58 -0.0048
62 59 -0.004
62 60 -0.0088
62 61 -0.0048
62 62 -0.0032
62 63 -0.0024

63 0 0.0
63 1 -0.0008
63 2 -0.0048
63 3 0.0
63 4 -0.0024
63 5 -0.004
63 6 -0.0024
63 7 0.0
63 8 0.0
63 9 -0.0112
63 10 -0.0048
63 11 -0.0024
63 12 -0.0056
63 13 -0.004
63 14 0.0
63 15 -0.0024
63 16 -0.0008
63 17 -0.0016
63 18 -0.0008
63 19 -0.0016
63 20 -0.0016
63 21 0.0008
63 22 -0.0016
63 23 -0.0056
63 24 0.0
63 25 -0.0024
63 26 -0.0024
63 27 -0.0016
63 28 -0.004
63 29 -0.0032
63 30 -0.0032
63 31 0.0
63 32 -0.0112
63 33 -0.0032
63 34 0.0
63 35 -0.0016
63 36 0.0
63 37 0.0
63 38 -0.0024
63 39 -0.0024
63 40 -0.0016
63 41 -0.0024
63 42 -0.004
63 43 -0.0032
63 44 -0.0024
63 45 -0.0032
63 46 -0.0048
63 47 -0.0128
63 48 -0.004
63 49 -0.0008
63 50 -0.0016
63 51 -0.008
63 52 -0.0024
63 53 -0.0032
63 54 -0.0112
63 55 -0.004
63 56 -0.0032
63 57 -0.0008
63 58 -0.0016
63 59 -0.0048
63 60 -0.008
63 61 -0.0008
63 62 -0.0024
63 63 0.0

