0 0 -0.0008
0 1 0.0016
0 2 -0.004
0 3 -0.0072
0 4 -0.0064
0 5 -0.0032
0 6 0.0
0 7 -0.004
0 8 -0.0016
0 9 -0.0096
0 10 -0.012
0 11 -0.0048
0 12 -0.0032
0 13 0.0
0 14 -0.008
0 15 -0.0088
0 16 0.0032
0 17 -0.0056
0 18 0.0032
0 19 -0.0072
0 20 0.0
0 21 0.0016
0 22 -0.0064
0 23 -0.0144
0 24 -0.0008
0 25 -0.004
0 26 -0.0144
0 27 0.0016
0 28 0.0048
0 29 -0.004
0 30 -0.0008
0 31 -0.0008
0 32 -0.0176
0 33 -0.0048
0 34 -0.0016
0 35 -0.004
0 36 -0.004
0 37 0.0048
0 38 -0.0056
0 39 -0.012
0 40 -0.0136
0 41 0.0016
0 42 -0.0016
0 43 -0.004
0 44 -0.0128
0 45 -0.004
0 46 -0.0048
0 47 -0.0328
0 48 -0.0016
0 49 -0.0032
0 50 0.004
0 51 -0.0208
0 52 -0.0072
0 53 -0.0024
0 54 -0.0368
0 55 -0.0056
0 56 -0.012
0 57 -0.004
0 58 0.0032
0 59 -0.0008
0 60 -0.0216
0 61 -0.0024
0 62 -0.0016
0 63 0.0056

1 0 0.0016
1 1 0.0008
1 2 -0.0056
1 3 -0.008
1 4 -0.0064
1 5 -0.0064
1 6 -0.008
1 7 -0.0072
1 8 -0.0064
1 9 -0.0176
1 10 -0.0168
1 11 -0.0056
1 12 -0.004
1 13 0.0024
1 14 -0.004
1 15 -0.0048
1 16 -0.004
1 17 -0.012
1 18 0.0024
1 19 -0.0112
1 20 -0.0072
1 21 0.0032
1 22 -0.008
1 23 -0.0112
1 24 0.0016
1 25 -0.008
1 26 -0.0168
1 27 -0.0064
1 28 -0.0016
1 29 -0.0048
1 30 -0.0112
1 31 -0.0032
1 32 -0.0152
1 33 -0.0096
1 34 -0.0112
1 35 -0.0112
1 36 -0.004
1 37 -0.004
1 38 -0.0064
1 39 -0.0168
1 40 -0.0112
1 41 -0.0072
1 42 -0.0056
1 43 -0.0072
1 44 -0.0168
1 45 -0.0024
1 46 -0.0064
1 47 -0.0376
1 48 -0.0024
1 49 -0.0024
1 50 0.0016
1 51 -0.0288
1 52 -0.0144
1 53 -0.0016
1 54 -0.0488
1 55 -0.0096
1 56 -0.0128
1 57 -0.0064
1 58 0.0032
1 59 -0.0032
1 60 -0.0232
1 61 0.0008
1 62 -0.0096
1 63 0.0032

2 0 -0.004
2 1 -0.0056
2 2 -0.004
2 3 -0.0152
2 4 -0.0232
2 5 -0.0096
2 6 -0.0088
2 7 -0.0128
2 8 -0.008
2 9 -0.0152
2 10 -0.016
2 11 -0.0168
2 12 -0.0264
2 13 -0.0128
2 14 -0.02
2 15 -0.0208
2 16 -0.0056
2 17 -0.0176
2 18 -0.0032
2 19 -0.0224
2 20 -0.0088
2 21 -0.016
2 22 -0.016
2 23 -0.0264
2 24 -0.004
2 25 -0.0088
2 26 -0.0272
2 27 -0.008
2 28 -0.016
2 29 -0.0152
2 30 -0.0112
2 31 -0.0104
2 32 -0.0248
2 33 -0.0424
2 34 -0.0072
2 35 -0.0104
2 36 -0.0072
2 37 -0.0136
2 38 -0.0224
2 39 -0.0136
2 40 -0.0208
2 41 -0.0224
2 42 -0.0112
2 43 -0.0056
2 44 -0.0136
2 45 -0.0184
2 46 -0.0152
2 47 -0.0296
2 48 -0.0176
2 49 -0.0128
2 50 -0.0024
2 51 -0.036
2 52 -0.0096
2 53 -0.0112
2 54 -0.0392
2 55 -0.0128
2 56 -0.0168
2 57 -0.0088
2 58 -0.004
2 59 -0.0136
2 60 -0.0192
2 61 -0.004
2 62 -0.0072
2 63 -0.0072

3 0 -0.0072
3 1 -0.008
3 2 -0.0152
3 3 -0.0064
3 4 -0.0136
3 5 -0.0168
3 6 -0.012
3 7 -0.0184
3 8 -0.0128
3 9 -0.0184
3 10 -0.0208
3 11 -0.0112
3 12 -0.0128
3 13 -0.0072
3 14 -0.0176
3 15 -0.02
3 16 -0.0072
3 17 -0.0192
3 18 -0.0104
3 19 -0.016
3 20 -0.012
3 21 -0.0112
3 22 -0.008
3 23 -0.0208
3 24 -0.0072
3 25 -0.0176
3 26 -0.02
3 27 -0.0104
3 28 -0.0088
3 29 -0.0088
3 30 -0.0072
3 31 -0.0072
3 32 -0.0368
3 33 -0.0136
3 34 -0.016
3 35 -0.0168
3 36 -0.008
3 37 -0.008
3 38 -0.0112
3 39 -0.024
3 40 -0.0152
3 41 -0.0088
3 42 -0.0088
3 43 -0.0176
3 44 -0.0224
3 45 -0.0152
3 46 -0.016
3 47 -0.044
3 48 -0.0088
3 49 -0.0112
3 50 -0.0088
3 51 -0.0336
3 52 -0.016
3 53 -0.008
3 54 -0.0472
3 55 -0.0176
3 56 -0.0208
3 57 -0.0136
3 58 -0.0072
3 59 -0.0064
3 60 -0.0256
3 61 -0.0064
3 62 -0.0112
3 63 -0.0064

4 0 -0.0064
4 1 -0.0064
4 2 -0.0232
4 3 -0.0136
4 4 -0.0072
4 5 -0.0104
4 6 -0.0144
4 7 -0.0192
4 8 -0.008
4 9 -0.0184
4 10 -0.0192
4 11 -0.0072
4 12 -0.0088
4 13 -0.0008
4 14 -0.0408
4 15 -0.0144
4 16 -0.0096
4 17 -0.0112
4 18 -0.0032
4 19 -0.0072
4 20 -0.0096
4 21 -0.0032
4 22 -0.016
4 23 -0.0176
4 24 -0.0072
4 25 -0.0032
4 26 -0.0168
4 27 -0.0064
4 28 -0.0144
4 29 -0.0144
4 30 -0.004
4 31 -0.0112
4 32 -0.02
4 33 -0.0224
4 34 -0.0112
4 35 -0.0088
4 36 -0.008
4 37 -0.0168
4 38 -0.0248
4 39 -0.0264
4 40 -0.0104
4 41 -0.0056
4 42 -0.0096
4 43 -0.0048
4 44 -0.0064
4 45 -0.0056
4 46 -0.0128
4 47 -0.028
4 48 -0.0152
4 49 -0.0064
4 50 -0.0032
4 51 -0.036
4 52 -0.0072
4 53 -0.0088
4 54 -0.0352
4 55 -0.0176
4 56 -0.028
4 57 -0.0184
4 58 -0.0056
4 59 -0.0096
4 60 -0.028
4 61 -0.0056
4 62 -0.0088
4 63 -0.0096

5 0 -0.0032
5 1 -0.0064
5 2 -0.0096
5 3 -0.0168
5 4 -0.0104
5 5 -0.004
5 6 -0.0104
5 7 -0.008
5 8 -0.0072
5 9 -0.0096
5 10 -0.0144
5 11 -0.0104
5 12 -0.0056
5 13 -0.004
5 14 -0.0112
5 15 -0.0144
5 16 -0.0064
5 17 -0.016
5 18 -0.0056
5 19 -0.0136
5 20 -0.0064
5 21 -0.0032
5 22 -0.0064
5 23 -0.0192
5 24 -0.004
5 25 -0.0064
5 26 -0.0176
5 27 -0.0024
5 28 -0.004
5 29 -0.008
5 30 -0.0048
5 31 -0.0032
5 32 -0.032
5 33 -0.0152
5 34 -0.0064
5 35 -0.0144
5 36 -0.0088
5 37 -0.004
5 38 -0.0136
5 39 -0.0128
5 40 -0.0168
5 41 -0.0032
5 42 -0.0072
5 43 -0.0096
5 44 -0.012
5 45 -0.0088
5 46 -0.004
5 47 -0.0448
5 48 -0.0032
5 49 -0.008
5 50 -0.0008
5 51 -0.04
5 52 -0.0152
5 53 -0.0096
5 54 -0.052
5 55 -0.012
5 56 -0.0136
5 57 -0.0064
5 58 -0.0008
5 59 -0.0072
5 60 -0.0296
5 61 -0.0016
5 62 -0.0064
5 63 -0.0024

6 0 0.0
6 1 -0.008
6 2 -0.0088
6 3 -0.012
6 4 -0.0144
6 5 -0.0104
6 6 0.0
6 7 -0.016
6 8 -0.0016
6 9 -0.0176
6 10 -0.016
6 11 -0.012
6 12 0.0
6 13 -0.0048
6 14 -0.0096
6 15 -0.0136
6 16 -0.0048
6 17 -0.0112
6 18 -0.0064
6 19 -0.0048
6 20 -0.0072
6 21 -0.004
6 22 -0.0112
6 23 -0.0192
6 24 -0.0008
6 25 -0.0072
6 26 -0.0136
6 27 -0.0024
6 28 -0.0072
6 29 -0.0256
6 30 -0.0072
6 31 -0.0056
6 32 -0.0216
6 33 -0.0064
6 34 -0.016
6 35 -0.012
6 36 -0.0064
6 37 -0.008
6 38 -0.0248
6 39 -0.0144
6 40 -0.0136
6 41 -0.0048
6 42 -0.0072
6 43 -0.0128
6 44 -0.0088
6 45 -0.0088
6 46 -0.0168
6 47 -0.0296
6 48 -0.0112
6 49 -0.0024
6 50 -0.004
6 51 -0.0232
6 52 -0.0152
6 53 -0.0096
6 54 -0.0432
6 55 -0.0128
6 56 -0.0272
6 57 -0.0336
6 58 -0.004
6 59 -0.0056
6 60 -0.0296
6 61 -0.0032
6 62 -0.0056
6 63 -0.0048

7 0 -0.004
7 1 -0.0072
7 2 -0.0128
7 3 -0.0184
7 4 -0.0192
7 5 -0.008
7 6 -0.016
7 7 -0.004
7 8 -0.004
7 9 -0.02
7 10 -0.0184
7 11 -0.0096
7 12 -0.0048
7 13 -0.0104
7 14 -0.0152
7 15 -0.0152
7 16 -0.0096
7 17 -0.0176
7 18 -0.004
7 19 -0.008
7 20 -0.0128
7 21 -0.0024
7 22 -0.0072
7 23 -0.0216
7 24 -0.004
7 25 -0.0064
7 26 -0.0136
7 27 -0.0008
7 28 -0.0008
7 29 -0.02
7 30 -0.0056
7 31 -0.0128
7 32 -0.0224
7 33 -0.012
7 34 -0.0248
7 35 -0.0208
7 36 -0.0064
7 37 -0.012
7 38 -0.0232
7 39 -0.0192
7 40 -0.0192
7 41 -0.0056
7 42 -0.0064
7 43 -0.0112
7 44 -0.008
7 45 -0.0072
7 46 -0.0136
7 47 -0.04
7 48 -0.008
7 49 -0.0056
7 50 -0.0032
7 51 -0.0248
7 52 -0.012
7 53 -0.012
7 54 -0.044
7 55 -0.0144
7 56 -0.0392
7 57 -0.0224
7 58 -0.0048
7 59 -0.0208
7 60 -0.0208
7 61 -0.004
7 62 -0.0056
7 63 -0.0024

8 0 -0.0016
8 1 -0.0064
8 2 -0.008
8 3 -0.0128
8 4 -0.008
8 5 -0.0072
8 6 -0.0016
8 7 -0.004
8 8 0.0
8 9 -0.0128
8 10 -0.0104
8 11 -0.0024
8 12 -0.004
8 13 0.0
8 14 -0.0088
8 15 -0.008
8 16 -0.0072
8 17 -0.012
8 18 -0.0088
8 19 -0.008
8 20 -0.004
8 21 -0.004
8 22 -0.0064
8 23 -0.0152
8 24 0.0
8 25 -0.0104
8 26 -0.016
8 27 0.0
8 28 -0.0024
8 29 -0.0032
8 30 -0.0048
8 31 -0.0088
8 32 -0.0256
8 33 -0.008
8 34 -0.004
8 35 -0.0048
8 36 -0.0072
8 37 -0.0008
8 38 -0.008
8 39 -0.0104
8 40 -0.0112
8 41 0.0
8 42 -0.0016
8 43 -0.0032
8 44 -0.008
8 45 -0.008
8 46 -0.0072
8 47 -0.0416
8 48 -0.0016
8 49 -0.0056
8 50 -0.0032
8 51 -0.0232
8 52 -0.0072
8 53 -0.0072
8 54 -0.0384
8 55 -0.004
8 56 -0.0112
8 57 -0.0056
8 58 0.0016
8 59 -0.0064
8 60 -0.024
8 61 -0.0008
8 62 0.0
8 63 -0.0056

9 0 -0.0096
9 1 -0.0176
9 2 -0.0152
9 3 -0.0184
9 4 -0.0184
9 5 -0.0096
9 6 -0.0176
9 7 -0.02
9 8 -0.0128
9 9 -0.0088
9 10 -0.0424
9 11 -0.0136
9 12 -0.0104
9 13 -0.0144
9 14 -0.0112
9 15 -0.0216
9 16 -0.0128
9 17 -0.0104
9 18 -0.0144
9 19 -0.016
9 20 -0.0144
9 21 -0.008
9 22 -0.004
9 23 -0.0176
9 24 -0.0088
9 25 -0.0216
9 26 -0.0272
9 27 -0.0168
9 28 -0.008
9 29 -0.0168
9 30 -0.0232
9 31 -0.0144
9 32 -0.036
9 33 -0.0104
9 34 -0.0192
9 35 -0.0312
9 36 -0.0144
9 37 -0.0176
9 38 -0.0168
9 39 -0.0344
9 40 -0.0192
9 41 -0.0104
9 42 -0.0136
9 43 -0.016
9 44 -0.0288
9 45 -0.012
9 46 -0.0088
9 47 -0.0496
9 48 -0.0088
9 49 -0.0128
9 50 -0.0104
9 51 -0.032
9 52 -0.016
9 53 -0.0168
9 54 -0.0584
9 55 -0.0176
9 56 -0.0256
9 57 -0.0184
9 58 -0.0072
9 59 -0.0104
9 60 -0.032
9 61 -0.0064
9 62 -0.0184
9 63 -0.0168

10 0 -0.012
10 1 -0.0168
10 2 -0.016
10 3 -0.0208
10 4 -0.0192
10 5 -0.0144
10 6 -0.016
10 7 -0.0184
10 8 -0.0104
10 9 -0.0424
10 10 -0.0112
10 11 -0.0128
10 12 -0.0072
10 13 -0.0112
10 14 -0.0096
10 15 -0.0264
10 16 -0.0208
10 17 -0.028
10 18 -0.016
10 19 -0.0352
10 20 -0.02
10 21 -0.0056
10 22 -0.0192
10 23 -0.028
10 24 -0.0104
10 25 -0.0336
10 26 -0.0464
10 27 -0.0152
10 28 0.0032
10 29 -0.0144
10 30 -0.0232
10 31 -0.0192
10 32 -0.0328
10 33 -0.0152
10 34 -0.016
10 35 -0.0112
10 36 -0.0176
10 37 -0.0184
10 38 -0.0152
10 39 -0.0592
10 40 -0.0152
10 41 -0.0208
10 42 -0.0184
10 43 -0.0232
10 44 -0.0288
10 45 -0.0064
10 46 -0.0176
10 47 -0.0584
10 48 -0.0184
10 49 -0.0024
10 50 -0.0104
10 51 -0.0496
10 52 -0.028
10 53 -0.0088
10 54 -0.08
10 55 -0.0424
10 56 -0.024
10 57 -0.016
10 58 -0.0104
10 59 -0.0192
10 60 -0.0344
10 61 -0.012
10 62 -0.012
10 63 -0.012

11 0 -0.0048
11 1 -0.0056
11 2 -0.0168
11 3 -0.0112
11 4 -0.0072
11 5 -0.0104
11 6 -0.012
11 7 -0.0096
11 8 -0.0024
11 9 -0.0136
11 10 -0.0128
11 11 -0.0048
11 12 -0.0208
11 13 -0.0096
11 14 -0.0088
11 15 -0.016
11 16 -0.0064
11 17 -0.0128
11 18 -0.0112
11 19 -0.0152
11 20 -0.0088
11 21 -0.008
11 22 -0.0104
11 23 -0.0208
11 24 -0.0048
11 25 -0.0064
11 26 -0.0224
11 27 -0.0064
11 28 -0.0096
11 29 -0.0128
11 30 -0.0136
11 31 -0.008
11 32 -0.0264
11 33 -0.016
11 34 -0.0112
11 35 -0.0144
11 36 -0.0096
11 37 -0.0008
11 38 -0.0064
11 39 -0.0152
11 40 -0.016
11 41 -0.0128
11 42 -0.012
11 43 -0.0112
11 44 -0.012
11 45 -0.0232
11 46 -0.0104
11 47 -0.0416
11 48 -0.0168
11 49 -0.0112
11 50 -0.008
11 51 -0.0184
11 52 -0.0096
11 53 -0.0128
11 54 -0.0384
11 55 -0.0144
11 56 -0.0088
11 57 -0.0152
11 58 -0.0056
11 59 -0.0096
11 60 -0.0264
11 61 -0.008
11 62 -0.0088
11 63 -0.0072

12 0 -0.0032
12 1 -0.004
12 2 -0.0264
12 3 -0.0128
12 4 -0.0088
12 5 -0.0056
12 6 0.0
12 7 -0.0048
12 8 -0.004
12 9 -0.0104
12 10 -0.0072
12 11 -0.0208
12 12 -0.0032
12 13 -0.0152
12 14 -0.012
12 15 -0.0088
12 16 -0.0024
12 17 -0.0128
12 18 0.0008
12 19 -0.0144
12 20 -0.0016
12 21 -0.0296
12 22 -0.0072
12 23 -0.012
12 24 -0.0024
12 25 -0.016
12 26 -0.02
12 27 -0.0016
12 28 -0.0272
12 29 -0.0064
12 30 -0.0064
12 31 0.0016
12 32 -0.0264
12 33 -0.024
12 34 0.0
12 35 -0.0048
12 36 -0.0024
12 37 -0.0048
12 38 -0.0104
12 39 -0.0112
12 40 -0.0048
12 41 -0.0152
12 42 -0.0056
12 43 -0.008
12 44 -0.0208
12 45 -0.0144
12 46 -0.0032
12 47 -0.0432
12 48 -0.0096
12 49 -0.008
12 50 0.0
12 51 -0.0304
12 52 -0.0136
12 53 -0.0104
12 54 -0.0376
12 55 -0.0104
12 56 -0.012
12 57 -0.0032
12 58 -0.0016
12 59 -0.0032
12 60 -0.016
12 61 -0.0024
12 62 -0.004
12 63 0.0

13 0 0.0
13 1 0.0024
13 2 -0.0128
13 3 -0.0072
13 4 -0.0008
13 5 -0.004
13 6 -0.0048
13 7 -0.0104
13 8 0.0
13 9 -0.0144
13 10 -0.0112
13 11 -0.0096
13 12 -0.0152
13 13 -0.0008
13 14 -0.0024
13 15 -0.0264
13 16 -0.0024
13 17 -0.0024
13 18 0.0056
13 19 -0.0112
13 20 -0.0072
13 21 -0.0016
13 22 -0.0088
13 23 -0.0192
13 24 0.0008
13 25 -0.0008
13 26 -0.012
13 27 0.0024
13 28 0.0
13 29 -0.0128
13 30 0.0024
13 31 -0.008
13 32 -0.0176
13 33 -0.0104
13 34 -0.0088
13 35 -0.0104
13 36 -0.0016
13 37 -0.0032
13 38 -0.0168
13 39 -0.012
13 40 -0.0096
13 41 -0.012
13 42 -0.008
13 43 0.0
13 44 -0.0112
13 45 -0.0072
13 46 -0.0064
13 47 -0.0328
13 48 -0.008
13 49 -0.0064
13 50 0.0032
13 51 -0.0264
13 52 -0.0048
13 53 -0.0192
13 54 -0.0264
13 55 -0.012
13 56 -0.0152
13 57 -0.0008
13 58 0.0
13 59 -0.0032
13 60 -0.02
13 61 0.0
13 62 0.0032
13 63 -0.0016

14 0 -0.008
14 1 -0.004
14 2 -0.02
14 3 -0.0176
14 4 -0.0408
14 5 -0.0112
14 6 -0.0096
14 7 -0.0152
14 8 -0.0088
14 9 -0.0112
14 10 -0.0096
14 11 -0.0088
14 12 -0.012
14 13 -0.0024
14 14 -0.008
14 15 -0.0104
14 16 -0.0048
14 17 -0.0072
14 18 -0.0032
14 19 -0.008
14 20 -0.0064
14 21 -0.0072
14 22 -0.0144
14 23 -0.0184
14 24 -0.008
14 25 -0.0064
14 26 -0.02
14 27 -0.0064
14 28 -0.0176
14 29 -0.0096
14 30 -0.0088
14 31 -0.0088
14 32 -0.0208
14 33 -0.0232
14 34 -0.0056
14 35 -0.008
14 36 -0.0064
14 37 -0.012
14 38 -0.0136
14 39 -0.012
14 40 -0.0144
14 41 -0.008
14 42 -0.0144
14 43 -0.0048
14 44 -0.008
14 45 -0.008
14 46 -0.0104
14 47 -0.0272
14 48 -0.0128
14 49 -0.0128
14 50 -0.004
14 51 -0.0288
14 52 -0.0064
14 53 -0.0088
14 54 -0.0264
14 55 -0.0128
14 56 -0.0184
14 57 -0.0144
14 58 -0.0048
14 59 -0.012
14 60 -0.0256
14 61 -0.0048
14 62 -0.012
14 63 -0.008

15 0 -0.0088
15 1 -0.0048
15 2 -0.0208
15 3 -0.02
15 4 -0.0144
15 5 -0.0144
15 6 -0.0136
15 7 -0.0152
15 8 -0.008
15 9 -0.0216
15 10 -0.0264
15 11 -0.016
15 12 -0.0088
15 13 -0.0264
15 14 -0.0104
15 15 -0.008
15 16 -0.0152
15 17 -0.0128
15 18 -0.0056
15 19 -0.0208
15 20 -0.0136
15 21 -0.0128
15 22 -0.0136
15 23 -0.024
15 24 -0.008
15 25 -0.012
15 26 -0.0216
15 27 -0.0024
15 28 -0.0016
15 29 -0.0208
15 30 -0.0048
15 31 -0.016
15 32 -0.0288
15 33 -0.016
15 34 -0.0168
15 35 -0.0136
15 36 -0.0096
15 37 -0.0112
15 38 -0.0312
15 39 -0.0272
15 40 -0.0216
15 41 -0.0176
15 42 -0.0128
15 43 -0.0056
15 44 -0.012
15 45 -0.0176
15 46 -0.0184
15 47 -0.0384
15 48 -0.016
15 49 -0.0096
15 50 -0.0112
15 51 -0.0296
15 52 -0.0096
15 53 -0.0208
15 54 -0.0376
15 55 -0.0296
15 56 -0.0224
15 57 -0.0128
15 58 -0.0088
15 59 -0.016
15 60 -0.0312
15 61 -0.0112
15 62 -0.0072
15 63 -0.008

16 0 0.0032
16 1 -0.004
16 2 -0.0056
16 3 -0.0072
16 4 -0.0096
16 5 -0.0064
16 6 -0.0048
16 7 -0.0096
16 8 -0.0072
16 9 -0.0128
16 10 -0.0208
16 11 -0.0064
16 12 -0.0024
16 13 -0.0024
16 14 -0.0048
16 15 -0.0152
16 16 0.0032
16 17 -0.0048
16 18 -0.0008
16 19 -0.004
16 20 -0.0056
16 21 -0.0024
16 22 -0.008
16 23 -0.0136
16 24 0.0032
16 25 -0.0064
16 26 -0.0184
16 27 -0.0056
16 28 0.0008
16 29 -0.0032
16 30 -0.0048
16 31 -0.0072
16 32 -0.0192
16 33 -0.0056
16 34 -0.0072
16 35 -0.0064
16 36 -0.004
16 37 0.0016
16 38 -0.0112
16 39 -0.0152
16 40 -0.0112
16 41 -0.0032
16 42 -0.0048
16 43 -0.0072
16 44 -0.0112
16 45 -0.0056
16 46 -0.0064
16 47 -0.036
16 48 -0.0048
16 49 -0.0048
16 50 0.0048
16 51 -0.0256
16 52 -0.0144
16 53 -0.0032
16 54 -0.0392
16 55 -0.0112
16 56 -0.0136
16 57 -0.0064
16 58 0.004
16 59 -0.0064
16 60 -0.028
16 61 0.0016
16 62 -0.0024
16 63 -0.0024

17 0 -0.0056
17 1 -0.012
17 2 -0.0176
17 3 -0.0192
17 4 -0.0112
17 5 -0.016
17 6 -0.0112
17 7 -0.0176
17 8 -0.012
17 9 -0.0104
17 10 -0.028
17 11 -0.0128
17 12 -0.0128
17 13 -0.0024
17 14 -0.0072
17 15 -0.0128
17 16 -0.0048
17 17 -0.0056
17 18 -0.0104
17 19 -0.0184
17 20 -0.012
17 21 -0.0112
17 22 -0.0184
17 23 -0.0224
17 24 -0.0056
17 25 -0.0184
17 26 -0.0304
17 27 -0.0072
17 28 -0.0128
17 29 -0.0144
17 30 -0.008
17 31 -0.008
17 32 -0.0352
17 33 -0.012
17 34 -0.0152
17 35 -0.012
17 36 -0.0152
17 37 -0.0088
17 38 -0.016
17 39 -0.028
17 40 -0.0128
17 41 -0.0128
17 42 -0.0184
17 43 -0.012
17 44 -0.0136
17 45 -0.02
17 46 -0.0168
17 47 -0.048
17 48 -0.0056
17 49 -0.0096
17 50 -0.0056
17 51 -0.0392
17 52 -0.016
17 53 -0.0088
17 54 -0.0512
17 55 -0.0168
17 56 -0.0216
17 57 -0.0152
17 58 -0.0032
17 59 -0.0136
17 60 -0.028
17 61 -0.0024
17 62 -0.0088
17 63 -0.008

18 0 0.0032
18 1 0.0024
18 2 -0.0032
18 3 -0.0104
18 4 -0.0032
18 5 -0.0056
18 6 -0.0064
18 7 -0.004
18 8 -0.0088
18 9 -0.0144
18 10 -0.016
18 11 -0.0112
18 12 0.0008
18 13 0.0056
18 14 -0.0032
18 15 -0.0056
18 16 -0.0008
18 17 -0.0104
18 18 0.004
18 19 -0.004
18 20 -0.0016
18 21 -0.0016
18 22 -0.0032
18 23 -0.0104
18 24 0.004
18 25 -0.0136
18 26 -0.0152
18 27 -0.0056
18 28 -0.0008
18 29 -0.0008
18 30 -0.0104
18 31 0.0008
18 32 -0.0216
18 33 -0.0048
18 34 -0.0088
18 35 -0.0104
18 36 -0.0056
18 37 -0.0008
18 38 -0.0056
18 39 -0.02
18 40 -0.0072
18 41 0.0016
18 42 -0.0032
18 43 -0.0072
18 44 -0.0136
18 45 -0.0056
18 46 -0.004
18 47 -0.0368
18 48 -0.0024
18 49 -0.004
18 50 0.0024
18 51 -0.0216
18 52 -0.012
18 53 -0.0008
18 54 -0.0496
18 55 -0.008
18 56 -0.012
18 57 -0.0104
18 58 0.004
18 59 -0.004
18 60 -0.0272
18 61 0.0032
18 62 -0.0016
18 63 -0.0056

19 0 -0.0072
19 1 -0.0112
19 2 -0.0224
19 3 -0.016
19 4 -0.0072
19 5 -0.0136
19 6 -0.0048
19 7 -0.008
19 8 -0.008
19 9 -0.016
19 10 -0.0352
19 11 -0.0152
19 12 -0.0144
19 13 -0.0112
19 14 -0.008
19 15 -0.0208
19 16 -0.004
19 17 -0.0184
19 18 -0.004
19 19 -0.0072
19 20 -0.0152
19 21 -0.0104
19 22 -0.016
19 23 -0.02
19 24 -0.0072
19 25 -0.0064
19 26 -0.048
19 27 0.0
19 28 -0.008
19 29 -0.0176
19 30 -0.0096
19 31 -0.0128
19 32 -0.0184
19 33 -0.0168
19 34 -0.0016
19 35 0.0008
19 36 -0.0128
19 37 -0.0112
19 38 -0.0152
19 39 -0.0336
19 40 -0.0144
19 41 -0.0296
19 42 -0.0136
19 43 -0.0112
19 44 -0.0128
19 45 -0.0112
19 46 -0.0096
19 47 -0.0456
19 48 -0.0192
19 49 -0.0096
19 50 -0.0072
19 51 -0.0336
19 52 -0.0184
19 53 -0.0056
19 54 -0.0608
19 55 -0.028
19 56 -0.0088
19 57 -0.0032
19 58 -0.0072
19 59 -0.0128
19 60 -0.0192
19 61 -0.0112
19 62 -0.0112
19 63 -0.0104

20 0 0.0
20 1 -0.0072
20 2 -0.0088
20 3 -0.012
20 4 -0.0096
20 5 -0.0064
20 6 -0.0072
20 7 -0.0128
20 8 -0.004
20 9 -0.0144
20 10 -0.02
20 11 -0.0088
20 12 -0.0016
20 13 -0.0072
20 14 -0.0064
20 15 -0.0136
20 16 -0.0056
20 17 -0.012
20 18 -0.0016
20 19 -0.0152
20 20 0.0
20 21 -0.004
20 22 -0.012
20 23 -0.0184
20 24 0.0
20 25 -0.0072
20 26 -0.0216
20 27 -0.0048
20 28 -0.0008
20 29 -0.0072
20 30 -0.0064
20 31 -0.0056
20 32 -0.0176
20 33 -0.0144
20 34 -0.0096
20 35 -0.0056
20 36 -0.0056
20 37 -0.0008
20 38 -0.0144
20 39 -0.016
20 40 -0.0152
20 41 -0.0104
20 42 -0.0072
20 43 -0.004
20 44 -0.0184
20 45 -0.0048
20 46 -0.0088
20 47 -0.0448
20 48 -0.0024
20 49 -0.0088
20 50 -0.0008
20 51 -0.0296
20 52 -0.012
20 53 -0.0032
20 54 -0.0392
20 55 -0.0112
20 56 -0.0184
20 57 -0.008
20 58 0.0008
20 59 -0.0048
20 60 -0.0248
20 61 0.0
20 62 -0.004
20 63 -0.0016

21 0 0.0016
21 1 0.0032
21 2 -0.016
21 3 -0.0112
21 4 -0.0032
21 5 -0.0032
21 6 -0.004
21 7 -0.0024
21 8 -0.004
21 9 -0.008
21 10 -0.0056
21 11 -0.008
21 12 -0.0296
21 13 -0.0016
21 14 -0.0072
21 15 -0.0128
21 16 -0.0024
21 17 -0.0112
21 18 -0.0016
21 19 -0.0104
21 20 -0.004
21 21 0.0008
21 22 -0.008
21 23 -0.0096
21 24 0.0008
21 25 -0.0096
21 26 -0.016
21 27 -0.0024
21 28 -0.016
21 29 -0.0048
21 30 -0.0056
21 31 -0.0056
21 32 -0.02
21 33 -0.0128
21 34 -0.0032
21 35 -0.0024
21 36 -0.0024
21 37 -0.0008
21 38 -0.008
21 39 -0.004
21 40 -0.0104
21 41 -0.012
21 42 -0.0024
21 43 -0.0088
21 44 -0.0168
21 45 -0.004
21 46 -0.0048
21 47 -0.0384
21 48 -0.0056
21 49 -0.0032
21 50 -0.0016
21 51 -0.0224
21 52 -0.0088
21 53 -0.0096
21 54 -0.0408
21 55 -0.008
21 56 -0.008
21 57 -0.0048
21 58 0.0008
21 59 0.0
21 60 -0.024
21 61 0.0008
21 62 0.0008
21 63 -0.0056

22 0 -0.0064
22 1 -0.008
22 2 -0.016
22 3 -0.008
22 4 -0.016
22 5 -0.0064
22 6 -0.0112
22 7 -0.0072
22 8 -0.0064
22 9 -0.004
22 10 -0.0192
22 11 -0.0104
22 12 -0.0072
22 13 -0.0088
22 14 -0.0144
22 15 -0.0136
22 16 -0.008
22 17 -0.0184
22 18 -0.0032
22 19 -0.016
22 20 -0.012
22 21 -0.008
22 22 -0.0064
22 23 -0.0192
22 24 -0.0064
22 25 -0.0112
22 26 -0.02
22 27 -0.0032
22 28 -0.0072
22 29 -0.0128
22 30 -0.0008
22 31 -0.0072
22 32 -0.0144
22 33 -0.012
22 34 -0.0064
22 35 -0.0016
22 36 -0.0088
22 37 -0.004
22 38 -0.0184
22 39 -0.0168
22 40 -0.0168
22 41 -0.0056
22 42 -0.012
22 43 -0.0048
22 44 -0.0136
22 45 -0.0128
22 46 -0.0136
22 47 -0.044
22 48 -0.0088
22 49 -0.0104
22 50 -0.0024
22 51 -0.0272
22 52 -0.0112
22 53 -0.0088
22 54 -0.0464
22 55 -0.0192
22 56 -0.0176
22 57 -0.012
22 58 -0.0064
22 59 -0.0104
22 60 -0.024
22 61 -0.0088
22 62 -0.0096
22 63 -0.0016

23 0 -0.0144
23 1 -0.0112
23 2 -0.0264
23 3 -0.0208
23 4 -0.0176
23 5 -0.0192
23 6 -0.0192
23 7 -0.0216
23 8 -0.0152
23 9 -0.0176
23 10 -0.028
23 11 -0.0208
23 12 -0.012
23 13 -0.0192
23 14 -0.0184
23 15 -0.024
23 16 -0.0136
23 17 -0.0224
23 18 -0.0104
23 19 -0.02
23 20 -0.0184
23 21 -0.0096
23 22 -0.0192
23 23 -0.0144
23 24 -0.0144
23 25 -0.0152
23 26 -0.02
23 27 -0.0104
23 28 -0.0144
23 29 -0.0224
23 30 -0.004
23 31 -0.0144
23 32 -0.0272
23 33 -0.0208
23 34 -0.0224
23 35 -0.0232
23 36 -0.0144
23 37 -0.0064
23 38 -0.0192
23 39 -0.0256
23 40 -0.0256
23 41 -0.0168
23 42 -0.0224
23 43 -0.0168
23 44 -0.0168
23 45 -0.0216
23 46 -0.0136
23 47 -0.0512
23 48 -0.016
23 49 -0.0176
23 50 -0.0136
23 51 -0.036
23 52 -0.0176
23 53 -0.0224
23 54 -0.0528
23 55 -0.0272
23 56 -0.0312
23 57 -0.02
23 58 -0.0136
23 59 -0.0184
23 60 -0.0288
23 61 -0.0136
23 62 -0.016
23 63 -0.0104

24 0 -0.0008
24 1 0.0016
24 2 -0.004
24 3 -0.0072
24 4 -0.0072
24 5 -0.004
24 6 -0.0008
24 7 -0.004
24 8 0.0
24 9 -0.0088
24 10 -0.0104
24 11 -0.0048
24 12 -0.0024
24 13 0.0008
24 14 -0.008
24 15 -0.008
24 16 0.0032
24 17 -0.0056
24 18 0.004
24 19 -0.0072
24 20 0.0
24 21 0.0008
24 22 -0.0064
24 23 -0.0144
24 24 -0.0008
24 25 -0.004
24 26 -0.0144
24 27 0.0008
24 28 0.0048
24 29 -0.0032
24 30 -0.0008
24 31 -0.0008
24 32 -0.0176
24 33 -0.004
24 34 -0.0016
24 35 -0.0048
24 36 -0.0048
24 37 0.004
24 38 -0.0056
24 39 -0.0104
24 40 -0.0136
24 41 0.0008
24 42 -0.0016
24 43 -0.004
24 44 -0.0128
24 45 -0.004
24 46 -0.0024
24 47 -0.0328
24 48 -0.0024
24 49 -0.0024
24 50 0.0048
24 51 -0.02
24 52 -0.008
24 53 -0.0024
24 54 -0.0376
24 55 -0.0056
24 56 -0.012
24 57 -0.004
24 58 0.0032
24 59 0.0
24 60 -0.0224
24 61 -0.0016
24 62 -0.0016
24 63 0.0064

25 0 -0.004
25 1 -0.008
25 2 -0.0088
25 3 -0.0176
25 4 -0.0032
25 5 -0.0064
25 6 -0.0072
25 7 -0.0064
25 8 -0.0104
25 9 -0.0216
25 10 -0.0336
25 11 -0.0064
25 12 -0.016
25 13 -0.0008
25 14 -0.0064
25 15 -0.012
25 16 -0.0064
25 17 -0.0184
25 18 -0.0136
25 19 -0.0064
25 20 -0.0072
25 21 -0.0096
25 22 -0.0112
25 23 -0.0152
25 24 -0.004
25 25 -0.004
25 26 -0.016
25 27 -0.012
25 28 -0.0048
25 29 -0.0072
25 30 -0.0136
25 31 -0.012
25 32 -0.0312
25 33 -0.008
25 34 -0.0112
25 35 -0.012
25 36 -0.0048
25 37 -0.0144
25 38 -0.008
25 39 -0.0208
25 40 -0.0096
25 41 -0.0064
25 42 -0.008
25 43 -0.0224
25 44 -0.0376
25 45 -0.0128
25 46 -0.016
25 47 -0.0552
25 48 -0.0072
25 49 -0.0088
25 50 -0.004
25 51 -0.0344
25 52 -0.0312
25 53 -0.0064
25 54 -0.0608
25 55 -0.0104
25 56 -0.016
25 57 -0.0096
25 58 -0.0056
25 59 -0.0032
25 60 -0.02
25 61 -0.0048
25 62 -0.008
25 63 -0.0056

26 0 -0.0144
26 1 -0.0168
26 2 -0.0272
26 3 -0.02
26 4 -0.0168
26 5 -0.0176
26 6 -0.0136
26 7 -0.0136
26 8 -0.016
26 9 -0.0272
26 10 -0.0464
26 11 -0.0224
26 12 -0.02
26 13 -0.012
26 14 -0.02
26 15 -0.0216
26 16 -0.0184
26 17 -0.0304
26 18 -0.0152
26 19 -0.048
26 20 -0.0216
26 21 -0.016
26 22 -0.02
26 23 -0.02
26 24 -0.0144
26 25 -0.016
26 26 -0.0144
26 27 -0.0088
26 28 -0.0144
26 29 -0.016
26 30 -0.02
26 31 -0.0176
26 32 -0.032
26 33 -0.0232
26 34 -0.008
26 35 -0.008
26 36 -0.02
26 37 -0.0104
26 38 -0.0152
26 39 -0.0416
26 40 -0.0232
26 41 -0.0376
26 42 -0.0224
26 43 -0.0184
26 44 -0.0168
26 45 -0.012
26 46 -0.0144
26 47 -0.0536
26 48 -0.0272
26 49 -0.012
26 50 -0.0144
26 51 -0.0368
26 52 -0.024
26 53 -0.0096
26 54 -0.0728
26 55 -0.036
26 56 -0.0168
26 57 -0.0112
26 58 -0.016
26 59 -0.0304
26 60 -0.0264
26 61 -0.0176
26 62 -0.02
26 63 -0.0168

27 0 0.0016
27 1 -0.0064
27 2 -0.008
27 3 -0.0104
27 4 -0.0064
27 5 -0.0024
27 6 -0.0024
27 7 -0.0008
27 8 0.0
27 9 -0.0168
27 10 -0.0152
27 11 -0.0064
27 12 -0.0016
27 13 0.0024
27 14 -0.0064
27 15 -0.0024
27 16 -0.0056
27 17 -0.0072
27 18 -0.0056
27 19 0.0
27 20 -0.0048
27 21 -0.0024
27 22 -0.0032
27 23 -0.0104
27 24 0.0008
27 25 -0.012
27 26 -0.0088
27 27 0.0008
27 28 0.0016
27 29 -0.0008
27 30 -0.0136
27 31 -0.0056
27 32 -0.0288
27 33 -0.0032
27 34 -0.0064
27 35 -0.016
27 36 -0.0096
27 37 -0.0064
27 38 -0.0048
27 39 -0.0144
27 40 -0.0024
27 41 0.0032
27 42 -0.0024
27 43 -0.0064
27 44 -0.02
27 45 -0.0072
27 46 0.004
27 47 -0.0384
27 48 -0.0008
27 49 -0.0016
27 50 0.0048
27 51 -0.0256
27 52 -0.0144
27 53 -0.0072
27 54 -0.044
27 55 -0.0024
27 56 -0.0112
27 57 -0.0056
27 58 0.004
27 59 0.0056
27 60 -0.0256
27 61 0.0016
27 62 -0.0032
27 63 -0.0016

28 0 0.0048
28 1 -0.0016
28 2 -0.016
28 3 -0.0088
28 4 -0.0144
28 5 -0.004
28 6 -0.0072
28 7 -0.0008
28 8 -0.0024
28 9 -0.008
28 10 0.0032
28 11 -0.0096
28 12 -0.0272
28 13 0.0
28 14 -0.0176
28 15 -0.0016
28 16 0.0008
28 17 -0.0128
28 18 -0.0008
28 19 -0.008
28 20 -0.0008
28 21 -0.016
28 22 -0.0072
28 23 -0.0144
28 24 0.0048
28 25 -0.0048
28 26 -0.0144
28 27 0.0016
28 28 0.0048
28 29 -0.0008
28 30 -0.004
28 31 -0.0032
28 32 -0.0176
28 33 -0.012
28 34 0.0
28 35 -0.0032
28 36 0.0008
28 37 0.0016
28 38 -0.0088
28 39 -0.0056
28 40 -0.0104
28 41 -0.0104
28 42 -0.0056
28 43 -0.004
28 44 -0.0112
28 45 -0.0032
28 46 -0.0056
28 47 -0.0384
28 48 -0.0088
28 49 -0.0064
28 50 0.0048
28 51 -0.0184
28 52 -0.0056
28 53 -0.0024
28 54 -0.0328
28 55 -0.0072
28 56 -0.0104
28 57 -0.0032
28 58 0.004
28 59 0.0024
28 60 -0.0256
28 61 0.004
28 62 -0.0024
28 63 0.0008

29 0 -0.004
29 1 -0.0048
29 2 -0.0152
29 3 -0.0088
29 4 -0.0144
29 5 -0.008
29 6 -0.0256
29 7 -0.02
29 8 -0.0032
29 9 -0.0168
29 10 -0.0144
29 11 -0.0128
29 12 -0.0064
29 13 -0.0128
29 14 -0.0096
29 15 -0.0208
29 16 -0.0032
29 17 -0.0144
29 18 -0.0008
29 19 -0.0176
29 20 -0.0072
29 21 -0.0048
29 22 -0.0128
29 23 -0.0224
29 24 -0.0032
29 25 -0.0072
29 26 -0.016
29 27 -0.0008
29 28 -0.0008
29 29 -0.0032
29 30 -0.008
29 31 -0.008
29 32 -0.0256
29 33 -0.0096
29 34 -0.0112
29 35 -0.0016
29 36 -0.0056
29 37 -0.0152
29 38 -0.0448
29 39 -0.0136
29 40 -0.0128
29 41 -0.0184
29 42 -0.0096
29 43 -0.0088
29 44 -0.0104
29 45 -0.0096
29 46 -0.0128
29 47 -0.0368
29 48 -0.0048
29 49 -0.0048
29 50 0.0
29 51 -0.036
29 52 -0.0112
29 53 -0.0096
29 54 -0.0488
29 55 -0.0144
29 56 -0.0248
29 57 -0.024
29 58 -0.0032
29 59 -0.0064
29 60 -0.0272
29 61 -0.0016
29 62 -0.008
29 63 -0.0096

30 0 -0.0008
30 1 -0.0112
30 2 -0.0112
30 3 -0.0072
30 4 -0.004
30 5 -0.0048
30 6 -0.0072
30 7 -0.0056
30 8 -0.0048
30 9 -0.0232
30 10 -0.0232
30 11 -0.0136
30 12 -0.0064
30 13 0.0024
30 14 -0.0088
30 15 -0.0048
30 16 -0.0048
30 17 -0.008
30 18 -0.0104
30 19 -0.0096
30 20 -0.0064
30 21 -0.0056
30 22 -0.0008
30 23 -0.004
30 24 -0.0008
30 25 -0.0136
30 26 -0.02
30 27 -0.0136
30 28 -0.004
30 29 -0.008
30 30 -0.0008
30 31 -0.0072
30 32 -0.0264
30 33 -0.012
30 34 -0.0112
30 35 -0.016
30 36 -0.0128
30 37 -0.012
30 38 -0.0072
30 39 -0.0152
30 40 -0.0032
30 41 -0.0016
30 42 -0.0056
30 43 -0.0144
30 44 -0.016
30 45 -0.0088
30 46 -0.0008
30 47 -0.036
30 48 -0.0048
30 49 -0.0128
30 50 0.0
30 51 -0.028
30 52 -0.0192
30 53 -0.008
30 54 -0.0472
30 55 -0.0056
30 56 -0.004
30 57 -0.012
30 58 -0.0008
30 59 -0.0016
30 60 -0.0272
30 61 -0.0016
30 62 -0.0104
30 63 -0.0072

31 0 -0.0008
31 1 -0.0032
31 2 -0.0104
31 3 -0.0072
31 4 -0.0112
31 5 -0.0032
31 6 -0.0056
31 7 -0.0128
31 8 -0.0088
31 9 -0.0144
31 10 -0.0192
31 11 -0.008
31 12 0.0016
31 13 -0.008
31 14 -0.0088
31 15 -0.016
31 16 -0.0072
31 17 -0.008
31 18 0.0008
31 19 -0.0128
31 20 -0.0056
31 21 -0.0056
31 22 -0.0072
31 23 -0.0144
31 24 -0.0008
31 25 -0.012
31 26 -0.0176
31 27 -0.0056
31 28 -0.0032
31 29 -0.008
31 30 -0.0072
31 31 -0.0008
31 32 -0.0176
31 33 -0.0096
31 34 -0.0088
31 35 -0.0104
31 36 -0.0096
31 37 -0.0008
31 38 -0.016
31 39 -0.0192
31 40 -0.0112
31 41 -0.0064
31 42 -0.0016
31 43 -0.0072
31 44 -0.02
31 45 -0.004
31 46 -0.0056
31 47 -0.0384
31 48 -0.0056
31 49 -0.0072
31 50 0.004
31 51 -0.0336
31 52 -0.0112
31 53 -0.0064
31 54 -0.04
31 55 -0.0072
31 56 -0.0184
31 57 -0.0072
31 58 0.0024
31 59 -0.0032
31 60 -0.0248
31 61 -0.0008
31 62 -0.0008
31 63 -0.0008

32 0 -0.0176
32 1 -0.0152
32 2 -0.0248
32 3 -0.0368
32 4 -0.02
32 5 -0.032
32 6 -0.0216
32 7 -0.0224
32 8 -0.0256
32 9 -0.036
32 10 -0.0328
32 11 -0.0264
32 12 -0.0264
32 13 -0.0176
32 14 -0.0208
32 15 -0.0288
32 16 -0.0192
32 17 -0.0352
32 18 -0.0216
32 19 -0.0184
32 20 -0.0176
32 21 -0.02
32 22 -0.0144
32 23 -0.0272
32 24 -0.0176
32 25 -0.0312
32 26 -0.032
32 27 -0.0288
32 28 -0.0176
32 29 -0.0256
32 30 -0.0264
32 31 -0.0176
32 32 -0.0176
32 33 -0.0256
32 34 -0.0232
32 35 -0.0256
32 36 -0.0224
32 37 -0.0208
32 38 -0.0256
32 39 -0.0344
32 40 -0.0192
32 41 -0.0192
32 42 -0.0192
32 43 -0.0248
32 44 -0.028
32 45 -0.0264
32 46 -0.0184
32 47 -0.0544
32 48 -0.0224
32 49 -0.0208
32 50 -0.0144
32 51 -0.04
32 52 -0.0264
32 53 -0.0184
32 54 -0.052
32 55 -0.0208
32 56 -0.024
32 57 -0.0248
32 58 -0.0168
32 59 -0.0152
32 60 -0.04
32 61 -0.0168
32 62 -0.0176
32 63 -0.02

33 0 -0.0048
33 1 -0.0096
33 2 -0.0424
33 3 -0.0136
33 4 -0.0224
33 5 -0.0152
33 6 -0.0064
33 7 -0.012
33 8 -0.008
33 9 -0.0104
33 10 -0.0152
33 11 -0.016
33 12 -0.024
33 13 -0.0104
33 14 -0.0232
33 15 -0.016
33 16 -0.0056
33 17 -0.012
33 18 -0.0048
33 19 -0.0168
33 20 -0.0144
33 21 -0.0128
33 22 -0.012
33 23 -0.0208
33 24 -0.004
33 25 -0.008
33 26 -0.0232
33 27 -0.0032
33 28 -0.012
33 29 -0.0096
33 30 -0.012
33 31 -0.0096
33 32 -0.0256
33 33 -0.004
33 34 -0.0064
33 35 -0.0104
33 36 -0.0088
33 37 -0.0112
33 38 -0.0144
33 39 -0.0152
33 40 -0.0176
33 41 -0.0192
33 42 -0.008
33 43 -0.0064
33 44 -0.012
33 45 -0.0144
33 46 -0.0104
33 47 -0.0384
33 48 -0.0144
33 49 -0.0128
33 50 -0.0032
33 51 -0.0344
33 52 -0.0088
33 53 -0.0072
33 54 -0.0352
33 55 -0.0128
33 56 -0.0152
33 57 -0.0072
33 58 -0.004
33 59 -0.0104
33 60 -0.024
33 61 -0.0048
33 62 -0.0072
33 63 -0.0056

34 0 -0.0016
34 1 -0.0112
34 2 -0.0072
34 3 -0.016
34 4 -0.0112
34 5 -0.0064
34 6 -0.016
34 7 -0.0248
34 8 -0.004
34 9 -0.0192
34 10 -0.016
34 11 -0.0112
34 12 0.0
34 13 -0.0088
34 14 -0.0056
34 15 -0.0168
34 16 -0.0072
34 17 -0.0152
34 18 -0.0088
34 19 -0.0016
34 20 -0.0096
34 21 -0.0032
34 22 -0.0064
34 23 -0.0224
34 24 -0.0016
34 25 -0.0112
34 26 -0.008
34 27 -0.0064
34 28 0.0
34 29 -0.0112
34 30 -0.0112
34 31 -0.0088
34 32 -0.0232
34 33 -0.0064
34 34 -0.0016
34 35 -0.0224
34 36 -0.0064
34 37 -0.0064
34 38 -0.0184
34 39 -0.0128
34 40 -0.0152
34 41 -0.0032
34 42 -0.0064
34 43 -0.0096
34 44 -0.0144
34 45 -0.0088
34 46 -0.0104
34 47 -0.0368
34 48 -0.004
34 49 -0.0088
34 50 -0.0048
34 51 -0.024
34 52 -0.0112
34 53 -0.0104
34 54 -0.0352
34 55 -0.0128
34 56 -0.0376
34 57 -0.0248
34 58 -0.0016
34 59 -0.0096
34 60 -0.028
34 61 0.0
34 62 -0.0016
34 63 -0.0056

35 0 -0.004
35 1 -0.0112
35 2 -0.0104
35 3 -0.0168
35 4 -0.0088
35 5 -0.0144
35 6 -0.012
35 7 -0.0208
35 8 -0.0048
35 9 -0.0312
35 10 -0.0112
35 11 -0.0144
35 12 -0.0048
35 13 -0.0104
35 14 -0.008
35 15 -0.0136
35 16 -0.0064
35 17 -0.012
35 18 -0.0104
35 19 0.0008
35 20 -0.0056
35 21 -0.0024
35 22 -0.0016
35 23 -0.0232
35 24 -0.0048
35 25 -0.012
35 26 -0.008
35 27 -0.016
35 28 -0.0032
35 29 -0.0016
35 30 -0.016
35 31 -0.0104
35 32 -0.0256
35 33 -0.0104
35 34 -0.0224
35 35 -0.0048
35 36 -0.0104
35 37 -0.0048
35 38 -0.0128
35 39 -0.0144
35 40 -0.0112
35 41 0.0032
35 42 -0.004
35 43 -0.0088
35 44 -0.0256
35 45 -0.012
35 46 -0.0088
35 47 -0.036
35 48 -0.0016
35 49 -0.0136
35 50 -0.0048
35 51 -0.028
35 52 -0.0128
35 53 -0.0128
35 54 -0.0424
35 55 -0.016
35 56 -0.0224
35 57 -0.0192
35 58 -0.0056
35 59 -0.0096
35 60 -0.0312
35 61 -0.0064
35 62 -0.008
35 63 -0.0152

36 0 -0.004
36 1 -0.004
36 2 -0.0072
36 3 -0.008
36 4 -0.008
36 5 -0.0088
36 6 -0.0064
36 7 -0.0064
36 8 -0.0072
36 9 -0.0144
36 10 -0.0176
36 11 -0.0096
36 12 -0.0024
36 13 -0.0016
36 14 -0.0064
36 15 -0.0096
36 16 -0.004
36 17 -0.0152
36 18 -0.0056
36 19 -0.0128
36 20 -0.0056
36 21 -0.0024
36 22 -0.0088
36 23 -0.0144
36 24 -0.0048
36 25 -0.0048
36 26 -0.02
36 27 -0.0096
36 28 0.0008
36 29 -0.0056
36 30 -0.0128
36 31 -0.0096
36 32 -0.0224
36 33 -0.0088
36 34 -0.0064
36 35 -0.0104
36 36 -0.0048
36 37 -0.0024
36 38 -0.0048
36 39 -0.0184
36 40 -0.0128
36 41 -0.004
36 42 -0.0064
36 43 -0.0144
36 44 -0.0192
36 45 -0.0064
36 46 -0.0064
36 47 -0.04
36 48 -0.0032
36 49 -0.0032
36 50 0.0016
36 51 -0.0304
36 52 -0.0152
36 53 -0.0064
36 54 -0.048
36 55 -0.0056
36 56 -0.0136
36 57 -0.008
36 58 0.0024
36 59 -0.0064
36 60 -0.0224
36 61 -0.0032
36 62 -0.0088
36 63 -0.0048

37 0 0.0048
37 1 -0.004
37 2 -0.0136
37 3 -0.008
37 4 -0.0168
37 5 -0.004
37 6 -0.008
37 7 -0.012
37 8 -0.0008
37 9 -0.0176
37 10 -0.0184
37 11 -0.0008
37 12 -0.0048
37 13 -0.0032
37 14 -0.012
37 15 -0.0112
37 16 0.0016
37 17 -0.0088
37 18 -0.0008
37 19 -0.0112
37 20 -0.0008
37 21 -0.0008
37 22 -0.004
37 23 -0.0064
37 24 0.004
37 25 -0.0144
37 26 -0.0104
37 27 -0.0064
37 28 0.0016
37 29 -0.0152
37 30 -0.012
37 31 -0.0008
37 32 -0.0208
37 33 -0.0112
37 34 -0.0064
37 35 -0.0048
37 36 -0.0024
37 37 0.004
37 38 -0.016
37 39 -0.0168
37 40 -0.0048
37 41 -0.0032
37 42 -0.0024
37 43 -0.0096
37 44 -0.0176
37 45 -0.004
37 46 -0.0144
37 47 -0.0376
37 48 -0.0008
37 49 0.0
37 50 0.0024
37 51 -0.0288
37 52 -0.016
37 53 0.0
37 54 -0.0528
37 55 -0.008
37 56 -0.0144
37 57 -0.0128
37 58 0.0048
37 59 -0.0008
37 60 -0.0216
37 61 0.0008
37 62 0.0008
37 63 -0.0016

38 0 -0.0056
38 1 -0.0064
38 2 -0.0224
38 3 -0.0112
38 4 -0.0248
38 5 -0.0136
38 6 -0.0248
38 7 -0.0232
38 8 -0.008
38 9 -0.0168
38 10 -0.0152
38 11 -0.0064
38 12 -0.0104
38 13 -0.0168
38 14 -0.0136
38 15 -0.0312
38 16 -0.0112
38 17 -0.016
38 18 -0.0056
38 19 -0.0152
38 20 -0.0144
38 21 -0.008
38 22 -0.0184
38 23 -0.0192
38 24 -0.0056
38 25 -0.008
38 26 -0.0152
38 27 -0.0048
38 28 -0.0088
38 29 -0.0448
38 30 -0.0072
38 31 -0.016
38 32 -0.0256
38 33 -0.0144
38 34 -0.0184
38 35 -0.0128
38 36 -0.0048
38 37 -0.016
38 38 -0.0056
38 39 -0.016
38 40 -0.02
38 41 -0.0168
38 42 -0.0072
38 43 -0.008
38 44 -0.0096
38 45 -0.0096
38 46 -0.0152
38 47 -0.0328
38 48 -0.0088
38 49 -0.0112
38 50 -0.004
38 51 -0.0328
38 52 -0.0072
38 53 -0.0128
38 54 -0.036
38 55 -0.0176
38 56 -0.0288
38 57 -0.0256
38 58 -0.004
38 59 -0.008
38 60 -0.0272
38 61 -0.0072
38 62 -0.0096
38 63 -0.0104

39 0 -0.012
39 1 -0.0168
39 2 -0.0136
39 3 -0.024
39 4 -0.0264
39 5 -0.0128
39 6 -0.0144
39 7 -0.0192
39 8 -0.0104
39 9 -0.0344
39 10 -0.0592
39 11 -0.0152
39 12 -0.0112
39 13 -0.012
39 14 -0.012
39 15 -0.0272
39 16 -0.0152
39 17 -0.028
39 18 -0.02
39 19 -0.0336
39 20 -0.016
39 21 -0.004
39 22 -0.0168
39 23 -0.0256
39 24 -0.0104
39 25 -0.0208
39 26 -0.0416
39 27 -0.0144
39 28 -0.0056
39 29 -0.0136
39 30 -0.0152
39 31 -0.0192
39 32 -0.0344
39 33 -0.0152
39 34 -0.0128
39 35 -0.0144
39 36 -0.0184
39 37 -0.0168
39 38 -0.016
39 39 -0.0104
39 40 -0.0168
39 41 -0.0192
39 42 -0.0184
39 43 -0.0256
39 44 -0.0344
39 45 -0.0088
39 46 -0.0168
39 47 -0.0656
39 48 -0.0176
39 49 -0.0064
39 50 -0.0112
39 51 -0.0504
39 52 -0.0256
39 53 -0.0104
39 54 -0.0856
39 55 -0.0336
39 56 -0.0296
39 57 -0.0144
39 58 -0.012
39 59 -0.0192
39 60 -0.0288
39 61 -0.012
39 62 -0.0184
39 63 -0.0136

40 0 -0.0136
40 1 -0.0112
40 2 -0.0208
40 3 -0.0152
40 4 -0.0104
40 5 -0.0168
40 6 -0.0136
40 7 -0.0192
40 8 -0.0112
40 9 -0.0192
40 10 -0.0152
40 11 -0.016
40 12 -0.0048
40 13 -0.0096
40 14 -0.0144
40 15 -0.0216
40 16 -0.0112
40 17 -0.0128
40 18 -0.0072
40 19 -0.0144
40 20 -0.0152
40 21 -0.0104
40 22 -0.0168
40 23 -0.0256
40 24 -0.0136
40 25 -0.0096
40 26 -0.0232
40 27 -0.0024
40 28 -0.0104
40 29 -0.0128
40 30 -0.0032
40 31 -0.0112
40 32 -0.0192
40 33 -0.0176
40 34 -0.0152
40 35 -0.0112
40 36 -0.0128
40 37 -0.0048
40 38 -0.02
40 39 -0.0168
40 40 -0.0136
40 41 -0.012
40 42 -0.0144
40 43 -0.0096
40 44 -0.0112
40 45 -0.0168
40 46 -0.0144
40 47 -0.048
40 48 -0.008
40 49 -0.0168
40 50 -0.0112
40 51 -0.0224
40 52 -0.0112
40 53 -0.008
40 54 -0.048
40 55 -0.016
40 56 -0.0288
40 57 -0.016
40 58 -0.0096
40 59 -0.0104
40 60 -0.0288
40 61 -0.0112
40 62 -0.0096
40 63 -0.0064

41 0 0.0016
41 1 -0.0072
41 2 -0.0224
41 3 -0.0088
41 4 -0.0056
41 5 -0.0032
41 6 -0.0048
41 7 -0.0056
41 8 0.0
41 9 -0.0104
41 10 -0.0208
41 11 -0.0128
41 12 -0.0152
41 13 -0.012
41 14 -0.008
41 15 -0.0176
41 16 -0.0032
41 17 -0.0128
41 18 0.0016
41 19 -0.0296
41 20 -0.0104
41 21 -0.012
41 22 -0.0056
41 23 -0.0168
41 24 0.0008
41 25 -0.0064
41 26 -0.0376
41 27 0.0032
41 28 -0.0104
41 29 -0.0184
41 30 -0.0016
41 31 -0.0064
41 32 -0.0192
41 33 -0.0192
41 34 -0.0032
41 35 0.0032
41 36 -0.004
41 37 -0.0032
41 38 -0.0168
41 39 -0.0192
41 40 -0.012
41 41 0.0008
41 42 -0.0088
41 43 -0.0032
41 44 -0.004
41 45 -0.0096
41 46 -0.008
41 47 -0.036
41 48 -0.016
41 49 -0.004
41 50 0.0016
41 51 -0.028
41 52 -0.0048
41 53 -0.012
41 54 -0.04
41 55 -0.0152
41 56 -0.0096
41 57 -0.0104
41 58 0.0008
41 59 -0.0064
41 60 -0.0152
41 61 -0.0008
41 62 -0.0072
41 63 -0.0016

42 0 -0.0016
42 1 -0.0056
42 2 -0.0112
42 3 -0.0088
42 4 -0.0096
42 5 -0.0072
42 6 -0.0072
42 7 -0.0064
42 8 -0.0016
42 9 -0.0136
42 10 -0.0184
42 11 -0.012
42 12 -0.0056
42 13 -0.008
42 14 -0.0144
42 15 -0.0128
42 16 -0.0048
42 17 -0.0184
42 18 -0.0032
42 19 -0.0136
42 20 -0.0072
42 21 -0.0024
42 22 -0.012
42 23 -0.0224
42 24 -0.0016
42 25 -0.008
42 26 -0.0224
42 27 -0.0024
42 28 -0.0056
42 29 -0.0096
42 30 -0.0056
42 31 -0.0016
42 32 -0.0192
42 33 -0.008
42 34 -0.0064
42 35 -0.004
42 36 -0.0064
42 37 -0.0024
42 38 -0.0072
42 39 -0.0184
42 40 -0.0144
42 41 -0.0088
42 42 -0.0008
42 43 -0.0048
42 44 -0.0096
42 45 -0.008
42 46 -0.008
42 47 -0.0376
42 48 -0.0056
42 49 -0.0048
42 50 -0.0048
42 51 -0.0272
42 52 -0.0112
42 53 -0.0064
42 54 -0.0416
42 55 -0.0144
42 56 -0.0184
42 57 -0.008
42 58 -0.0016
42 59 -0.0056
42 60 -0.0224
42 61 -0.0024
42 62 -0.0088
42 63 0.0008

43 0 -0.004
43 1 -0.0072
43 2 -0.0056
43 3 -0.0176
43 4 -0.0048
43 5 -0.0096
43 6 -0.0128
43 7 -0.0112
43 8 -0.0032
43 9 -0.016
43 10 -0.0232
43 11 -0.0112
43 12 -0.008
43 13 0.0
43 14 -0.0048
43 15 -0.0056
43 16 -0.0072
43 17 -0.012
43 18 -0.0072
43 19 -0.0112
43 20 -0.004
43 21 -0.0088
43 22 -0.0048
43 23 -0.0168
43 24 -0.004
43 25 -0.0224
43 26 -0.0184
43 27 -0.0064
43 28 -0.004
43 29 -0.0088
43 30 -0.0144
43 31 -0.0072
43 32 -0.0248
43 33 -0.0064
43 34 -0.0096
43 35 -0.0088
43 36 -0.0144
43 37 -0.0096
43 38 -0.008
43 39 -0.0256
43 40 -0.0096
43 41 -0.0032
43 42 -0.0048
43 43 -0.004
43 44 -0.0296
43 45 -0.0048
43 46 -0.0168
43 47 -0.0464
43 48 0.0
43 49 -0.0072
43 50 -0.0024
43 51 -0.0288
43 52 -0.036
43 53 -0.0112
43 54 -0.0696
43 55 -0.0088
43 56 -0.0224
43 57 -0.0176
43 58 -0.0024
43 59 -0.008
43 60 -0.0264
43 61 -0.0016
43 62 -0.0104
43 63 -0.0072

44 0 -0.0128
44 1 -0.0168
44 2 -0.0136
44 3 -0.0224
44 4 -0.0064
44 5 -0.012
44 6 -0.0088
44 7 -0.008
44 8 -0.008
44 9 -0.0288
44 10 -0.0288
44 11 -0.012
44 12 -0.0208
44 13 -0.0112
44 14 -0.008
44 15 -0.012
44 16 -0.0112
44 17 -0.0136
44 18 -0.0136
44 19 -0.0128
44 20 -0.0184
44 21 -0.0168
44 22 -0.0136
44 23 -0.0168
44 24 -0.0128
44 25 -0.0376
44 26 -0.0168
44 27 -0.02
44 28 -0.0112
44 29 -0.0104
44 30 -0.016
44 31 -0.02
44 32 -0.028
44 33 -0.012
44 34 -0.0144
44 35 -0.0256
44 36 -0.0192
44 37 -0.0176
44 38 -0.0096
44 39 -0.0344
44 40 -0.0112
44 41 -0.004
44 42 -0.0096
44 43 -0.0296
44 44 -0.0128
44 45 -0.0176
44 46 -0.0136
44 47 -0.0632
44 48 -0.0088
44 49 -0.012
44 50 -0.0088
44 51 -0.0368
44 52 -0.0344
44 53 -0.0056
44 54 -0.0648
44 55 -0.0112
44 56 -0.016
44 57 -0.0128
44 58 -0.012
44 59 -0.0056
44 60 -0.0248
44 61 -0.0088
44 62 -0.016
44 63 -0.0144

45 0 -0.004
45 1 -0.0024
45 2 -0.0184
45 3 -0.0152
45 4 -0.0056
45 5 -0.0088
45 6 -0.0088
45 7 -0.0072
45 8 -0.008
45 9 -0.012
45 10 -0.0064
45 11 -0.0232
45 12 -0.0144
45 13 -0.0072
45 14 -0.008
45 15 -0.0176
45 16 -0.0056
45 17 -0.02
45 18 -0.0056
45 19 -0.0112
45 20 -0.0048
45 21 -0.004
45 22 -0.0128
45 23 -0.0216
45 24 -0.004
45 25 -0.0128
45 26 -0.012
45 27 -0.0072
45 28 -0.0032
45 29 -0.0096
45 30 -0.0088
45 31 -0.004
45 32 -0.0264
45 33 -0.0144
45 34 -0.0088
45 35 -0.012
45 36 -0.0064
45 37 -0.004
45 38 -0.0096
45 39 -0.0088
45 40 -0.0168
45 41 -0.0096
45 42 -0.008
45 43 -0.0048
45 44 -0.0176
45 45 -0.004
45 46 -0.0136
45 47 -0.04
45 48 -0.008
45 49 -0.0128
45 50 -0.0048
45 51 -0.0176
45 52 -0.0136
45 53 -0.0088
45 54 -0.0376
45 55 -0.0152
45 56 -0.0128
45 57 -0.0112
45 58 -0.0056
45 59 -0.0072
45 60 -0.0264
45 61 -0.004
45 62 -0.0016
45 63 0.0008

46 0 -0.0048
46 1 -0.0064
46 2 -0.0152
46 3 -0.016
46 4 -0.0128
46 5 -0.004
46 6 -0.0168
46 7 -0.0136
46 8 -0.0072
46 9 -0.0088
46 10 -0.0176
46 11 -0.0104
46 12 -0.0032
46 13 -0.0064
46 14 -0.0104
46 15 -0.0184
46 16 -0.0064
46 17 -0.0168
46 18 -0.004
46 19 -0.0096
46 20 -0.0088
46 21 -0.0048
46 22 -0.0136
46 23 -0.0136
46 24 -0.0024
46 25 -0.016
46 26 -0.0144
46 27 0.004
46 28 -0.0056
46 29 -0.0128
46 30 -0.0008
46 31 -0.0056
46 32 -0.0184
46 33 -0.0104
46 34 -0.0104
46 35 -0.0088
46 36 -0.0064
46 37 -0.0144
46 38 -0.0152
46 39 -0.0168
46 40 -0.0144
46 41 -0.008
46 42 -0.008
46 43 -0.0168
46 44 -0.0136
46 45 -0.0136
46 46 -0.004
46 47 -0.04
46 48 -0.0056
46 49 -0.0088
46 50 -0.0056
46 51 -0.0296
46 52 -0.02
46 53 -0.008
46 54 -0.0472
46 55 -0.0128
46 56 -0.0208
46 57 -0.0184
46 58 -0.0032
46 59 -0.0064
46 60 -0.0208
46 61 -0.0048
46 62 -0.0064
46 63 0.0008

47 0 -0.0328
47 1 -0.0376
47 2 -0.0296
47 3 -0.044
47 4 -0.028
47 5 -0.0448
47 6 -0.0296
47 7 -0.04
47 8 -0.0416
47 9 -0.0496
47 10 -0.0584
47 11 -0.0416
47 12 -0.0432
47 13 -0.0328
47 14 -0.0272
47 15 -0.0384
47 16 -0.036
47 17 -0.048
47 18 -0.0368
47 19 -0.0456
47 20 -0.0448
47 21 -0.0384
47 22 -0.044
47 23 -0.0512
47 24 -0.0328
47 25 -0.0552
47 26 -0.0536
47 27 -0.0384
47 28 -0.0384
47 29 -0.0368
47 30 -0.036
47 31 -0.0384
47 32 -0.0544
47 33 -0.0384
47 34 -0.0368
47 35 -0.036
47 36 -0.04
47 37 -0.0376
47 38 -0.0328
47 39 -0.0656
47 40 -0.048
47 41 -0.036
47 42 -0.0376
47 43 -0.0464
47 44 -0.0632
47 45 -0.04
47 46 -0.04
47 47 -0.0328
47 48 -0.0352
47 49 -0.0368
47 50 -0.036
47 51 -0.0632
47 52 -0.0504
47 53 -0.032
47 54 -0.0704
47 55 -0.0384
47 56 -0.0376
47 57 -0.0336
47 58 -0.0328
47 59 -0.0336
47 60 -0.0512
47 61 -0.0344
47 62 -0.04
47 63 -0.032

48 0 -0.0016
48 1 -0.0024
48 2 -0.0176
48 3 -0.0088
48 4 -0.0152
48 5 -0.0032
48 6 -0.0112
48 7 -0.008
48 8 -0.0016
48 9 -0.0088
48 10 -0.0184
48 11 -0.0168
48 12 -0.0096
48 13 -0.008
48 14 -0.0128
48 15 -0.016
48 16 -0.0048
48 17 -0.0056
48 18 -0.0024
48 19 -0.0192
48 20 -0.0024
48 21 -0.0056
48 22 -0.0088
48 23 -0.016
48 24 -0.0024
48 25 -0.0072
48 26 -0.0272
48 27 -0.0008
48 28 -0.0088
48 29 -0.0048
48 30 -0.0048
48 31 -0.0056
48 32 -0.0224
48 33 -0.0144
48 34 -0.004
48 35 -0.0016
48 36 -0.0032
48 37 -0.0008
48 38 -0.0088
48 39 -0.0176
48 40 -0.008
48 41 -0.016
48 42 -0.0056
48 43 0.0
48 44 -0.0088
48 45 -0.008
48 46 -0.0056
48 47 -0.0352
48 48 -0.0024
48 49 -0.004
48 50 -0.0016
48 51 -0.0224
48 52 -0.008
48 53 -0.008
48 54 -0.0424
48 55 -0.0224
48 56 -0.0088
48 57 -0.0064
48 58 0.0016
48 59 -0.0136
48 60 -0.0248
48 61 0.0008
48 62 -0.0024
48 63 -0.0024

49 0 -0.0032
49 1 -0.0024
49 2 -0.0128
49 3 -0.0112
49 4 -0.0064
49 5 -0.008
49 6 -0.0024
49 7 -0.0056
49 8 -0.0056
49 9 -0.0128
49 10 -0.0024
49 11 -0.0112
49 12 -0.008
49 13 -0.0064
49 14 -0.0128
49 15 -0.0096
49 16 -0.0048
49 17 -0.0096
49 18 -0.004
49 19 -0.0096
49 20 -0.0088
49 21 -0.0032
49 22 -0.0104
49 23 -0.0176
49 24 -0.0024
49 25 -0.0088
49 26 -0.012
49 27 -0.0016
49 28 -0.0064
49 29 -0.0048
49 30 -0.0128
49 31 -0.0072
49 32 -0.0208
49 33 -0.0128
49 34 -0.0088
49 35 -0.0136
49 36 -0.0032
49 37 0.0
49 38 -0.0112
49 39 -0.0064
49 40 -0.0168
49 41 -0.004
49 42 -0.0048
49 43 -0.0072
49 44 -0.012
49 45 -0.0128
49 46 -0.0088
49 47 -0.0368
49 48 -0.004
49 49 -0.0032
49 50 -0.0048
49 51 -0.024
49 52 -0.0088
49 53 -0.0048
49 54 -0.04
49 55 -0.0088
49 56 -0.0152
49 57 -0.0032
49 58 -0.0056
49 59 -0.0016
49 60 -0.0208
49 61 -0.004
49 62 -0.0072
49 63 -0.004

50 0 0.004
50 1 0.0016
50 2 -0.0024
50 3 -0.0088
50 4 -0.0032
50 5 -0.0008
50 6 -0.004
50 7 -0.0032
50 8 -0.0032
50 9 -0.0104
50 10 -0.0104
50 11 -0.008
50 12 0.0
50 13 0.0032
50 14 -0.004
50 15 -0.0112
50 16 0.0048
50 17 -0.0056
50 18 0.0024
50 19 -0.0072
50 20 -0.0008
50 21 -0.0016
50 22 -0.0024
50 23 -0.0136
50 24 0.0048
50 25 -0.004
50 26 -0.0144
50 27 0.0048
50 28 0.0048
50 29 0.0
50 30 0.0
50 31 0.004
50 32 -0.0144
50 33 -0.0032
50 34 -0.0048
50 35 -0.0048
50 36 0.0016
50 37 0.0024
50 38 -0.004
50 39 -0.0112
50 40 -0.0112
50 41 0.0016
50 42 -0.0048
50 43 -0.0024
50 44 -0.0088
50 45 -0.0048
50 46 -0.0056
50 47 -0.036
50 48 -0.0016
50 49 -0.0048
50 50 0.0048
50 51 -0.0176
50 52 -0.008
50 53 0.0008
50 54 -0.0408
50 55 -0.004
50 56 -0.0104
50 57 -0.0064
50 58 0.0032
50 59 -0.0024
50 60 -0.0216
50 61 0.0008
50 62 0.0016
50 63 0.0024

51 0 -0.0208
51 1 -0.0288
51 2 -0.036
51 3 -0.0336
51 4 -0.036
51 5 -0.04
51 6 -0.0232
51 7 -0.0248
51 8 -0.0232
51 9 -0.032
51 10 -0.0496
51 11 -0.0184
51 12 -0.0304
51 13 -0.0264
51 14 -0.0288
51 15 -0.0296
51 16 -0.0256
51 17 -0.0392
51 18 -0.0216
51 19 -0.0336
51 20 -0.0296
51 21 -0.0224
51 22 -0.0272
51 23 -0.036
51 24 -0.02
51 25 -0.0344
51 26 -0.0368
51 27 -0.0256
51 28 -0.0184
51 29 -0.036
51 30 -0.028
51 31 -0.0336
51 32 -0.04
51 33 -0.0344
51 34 -0.024
51 35 -0.028
51 36 -0.0304
51 37 -0.0288
51 38 -0.0328
51 39 -0.0504
51 40 -0.0224
51 41 -0.028
51 42 -0.0272
51 43 -0.0288
51 44 -0.0368
51 45 -0.0176
51 46 -0.0296
51 47 -0.0632
51 48 -0.0224
51 49 -0.024
51 50 -0.0176
51 51 -0.0208
51 52 -0.032
51 53 -0.024
51 54 -0.0576
51 55 -0.0312
51 56 -0.0352
51 57 -0.0304
51 58 -0.0176
51 59 -0.0232
51 60 -0.0376
51 61 -0.0208
51 62 -0.024
51 63 -0.0232

52 0 -0.0072
52 1 -0.0144
52 2 -0.0096
52 3 -0.016
52 4 -0.0072
52 5 -0.0152
52 6 -0.0152
52 7 -0.012
52 8 -0.0072
52 9 -0.016
52 10 -0.028
52 11 -0.0096
52 12 -0.0136
52 13 -0.0048
52 14 -0.0064
52 15 -0.0096
52 16 -0.0144
52 17 -0.016
52 18 -0.012
52 19 -0.0184
52 20 -0.012
52 21 -0.0088
52 22 -0.0112
52 23 -0.0176
52 24 -0.008
52 25 -0.0312
52 26 -0.024
52 27 -0.0144
52 28 -0.0056
52 29 -0.0112
52 30 -0.0192
52 31 -0.0112
52 32 -0.0264
52 33 -0.0088
52 34 -0.0112
52 35 -0.0128
52 36 -0.0152
52 37 -0.016
52 38 -0.0072
52 39 -0.0256
52 40 -0.0112
52 41 -0.0048
52 42 -0.0112
52 43 -0.036
52 44 -0.0344
52 45 -0.0136
52 46 -0.02
52 47 -0.0504
52 48 -0.008
52 49 -0.0088
52 50 -0.008
52 51 -0.032
52 52 -0.008
52 53 -0.0144
52 54 -0.0712
52 55 -0.0168
52 56 -0.0248
52 57 -0.0176
52 58 -0.0088
52 59 -0.0064
52 60 -0.0288
52 61 -0.0096
52 62 -0.02
52 63 -0.0096

53 0 -0.0024
53 1 -0.0016
53 2 -0.0112
53 3 -0.008
53 4 -0.0088
53 5 -0.0096
53 6 -0.0096
53 7 -0.012
53 8 -0.0072
53 9 -0.0168
53 10 -0.0088
53 11 -0.0128
53 12 -0.0104
53 13 -0.0192
53 14 -0.0088
53 15 -0.0208
53 16 -0.0032
53 17 -0.0088
53 18 -0.0008
53 19 -0.0056
53 20 -0.0032
53 21 -0.0096
53 22 -0.0088
53 23 -0.0224
53 24 -0.0024
53 25 -0.0064
53 26 -0.0096
53 27 -0.0072
53 28 -0.0024
53 29 -0.0096
53 30 -0.008
53 31 -0.0064
53 32 -0.0184
53 33 -0.0072
53 34 -0.0104
53 35 -0.0128
53 36 -0.0064
53 37 0.0
53 38 -0.0128
53 39 -0.0104
53 40 -0.008
53 41 -0.012
53 42 -0.0064
53 43 -0.0112
53 44 -0.0056
53 45 -0.0088
53 46 -0.008
53 47 -0.032
53 48 -0.008
53 49 -0.0048
53 50 0.0008
53 51 -0.024
53 52 -0.0144
53 53 -0.0024
53 54 -0.0328
53 55 -0.0096
53 56 -0.0184
53 57 -0.0104
53 58 -0.0008
53 59 -0.0048
53 60 -0.0256
53 61 -0.0016
53 62 -0.0048
53 63 -0.0024

54 0 -0.0368
54 1 -0.0488
54 2 -0.0392
54 3 -0.0472
54 4 -0.0352
54 5 -0.052
54 6 -0.0432
54 7 -0.044
54 8 -0.0384
54 9 -0.0584
54 10 -0.08
54 11 -0.0384
54 12 -0.0376
54 13 -0.0264
54 14 -0.0264
54 15 -0.0376
54 16 -0.0392
54 17 -0.0512
54 18 -0.0496
54 19 -0.0608
54 20 -0.0392
54 21 -0.0408
54 22 -0.0464
54 23 -0.0528
54 24 -0.0376
54 25 -0.0608
54 26 -0.0728
54 27 -0.044
54 28 -0.0328
54 29 -0.0488
54 30 -0.0472
54 31 -0.04
54 32 -0.052
54 33 -0.0352
54 34 -0.0352
54 35 -0.0424
54 36 -0.048
54 37 -0.0528
54 38 -0.036
54 39 -0.0856
54 40 -0.048
54 41 -0.04
54 42 -0.0416
54 43 -0.0696
54 44 -0.0648
54 45 -0.0376
54 46 -0.0472
54 47 -0.0704
54 48 -0.0424
54 49 -0.04
54 50 -0.0408
54 51 -0.0576
54 52 -0.0712
54 53 -0.0328
54 54 -0.0368
54 55 -0.0568
54 56 -0.0552
54 57 -0.0368
54 58 -0.0392
54 59 -0.0368
54 60 -0.0592
54 61 -0.0416
54 62 -0.0584
54 63 -0.04

55 0 -0.0056
55 1 -0.0096
55 2 -0.0128
55 3 -0.0176
55 4 -0.0176
55 5 -0.012
55 6 -0.0128
55 7 -0.0144
55 8 -0.004
55 9 -0.0176
55 10 -0.0424
55 11 -0.0144
55 12 -0.0104
55 13 -0.012
55 14 -0.0128
55 15 -0.0296
55 16 -0.0112
55 17 -0.0168
55 18 -0.008
55 19 -0.028
55 20 -0.0112
55 21 -0.008
55 22 -0.0192
55 23 -0.0272
55 24 -0.0056
55 25 -0.0104
55 26 -0.036
55 27 -0.0024
55 28 -0.0072
55 29 -0.0144
55 30 -0.0056
55 31 -0.0072
55 32 -0.0208
55 33 -0.0128
55 34 -0.0128
55 35 -0.016
55 36 -0.0056
55 37 -0.008
55 38 -0.0176
55 39 -0.0336
55 40 -0.016
55 41 -0.0152
55 42 -0.0144
55 43 -0.0088
55 44 -0.0112
55 45 -0.0152
55 46 -0.0128
55 47 -0.0384
55 48 -0.0224
55 49 -0.0088
55 50 -0.004
55 51 -0.0312
55 52 -0.0168
55 53 -0.0096
55 54 -0.0568
55 55 -0.0056
55 56 -0.0216
55 57 -0.012
55 58 -0.008
55 59 -0.0152
55 60 -0.0304
55 61 -0.0088
55 62 -0.008
55 63 -0.0024

56 0 -0.012
56 1 -0.0128
56 2 -0.0168
56 3 -0.0208
56 4 -0.028
56 5 -0.0136
56 6 -0.0272
56 7 -0.0392
56 8 -0.0112
56 9 -0.0256
56 10 -0.024
56 11 -0.0088
56 12 -0.012
56 13 -0.0152
56 14 -0.0184
56 15 -0.0224
56 16 -0.0136
56 17 -0.0216
56 18 -0.012
56 19 -0.0088
56 20 -0.0184
56 21 -0.008
56 22 -0.0176
56 23 -0.0312
56 24 -0.012
56 25 -0.016
56 26 -0.0168
56 27 -0.0112
56 28 -0.0104
56 29 -0.0248
56 30 -0.004
56 31 -0.0184
56 32 -0.024
56 33 -0.0152
56 34 -0.0376
56 35 -0.0224
56 36 -0.0136
56 37 -0.0144
56 38 -0.0288
56 39 -0.0296
56 40 -0.0288
56 41 -0.0096
56 42 -0.0184
56 43 -0.0224
56 44 -0.016
56 45 -0.0128
56 46 -0.0208
56 47 -0.0376
56 48 -0.0088
56 49 -0.0152
56 50 -0.0104
56 51 -0.0352
56 52 -0.0248
56 53 -0.0184
56 54 -0.0552
56 55 -0.0216
56 56 -0.012
56 57 -0.0248
56 58 -0.0088
56 59 -0.0208
56 60 -0.0312
56 61 -0.012
56 62 -0.0096
56 63 -0.0128

57 0 -0.004
57 1 -0.0064
57 2 -0.0088
57 3 -0.0136
57 4 -0.0184
57 5 -0.0064
57 6 -0.0336
57 7 -0.0224
57 8 -0.0056
57 9 -0.0184
57 10 -0.016
57 11 -0.0152
57 12 -0.0032
57 13 -0.0008
57 14 -0.0144
57 15 -0.0128
57 16 -0.0064
57 17 -0.0152
57 18 -0.0104
57 19 -0.0032
57 20 -0.008
57 21 -0.0048
57 22 -0.012
57 23 -0.02
57 24 -0.004
57 25 -0.0096
57 26 -0.0112
57 27 -0.0056
57 28 -0.0032
57 29 -0.024
57 30 -0.012
57 31 -0.0072
57 32 -0.0248
57 33 -0.0072
57 34 -0.0248
57 35 -0.0192
57 36 -0.008
57 37 -0.0128
57 38 -0.0256
57 39 -0.0144
57 40 -0.016
57 41 -0.0104
57 42 -0.008
57 43 -0.0176
57 44 -0.0128
57 45 -0.0112
57 46 -0.0184
57 47 -0.0336
57 48 -0.0064
57 49 -0.0032
57 50 -0.0064
57 51 -0.0304
57 52 -0.0176
57 53 -0.0104
57 54 -0.0368
57 55 -0.012
57 56 -0.0248
57 57 -0.004
57 58 -0.004
57 59 -0.0056
57 60 -0.0296
57 61 -0.0048
57 62 -0.004
57 63 -0.0032

58 0 0.0032
58 1 0.0032
58 2 -0.004
58 3 -0.0072
58 4 -0.0056
58 5 -0.0008
58 6 -0.004
58 7 -0.0048
58 8 0.0016
58 9 -0.0072
58 10 -0.0104
58 11 -0.0056
58 12 -0.0016
58 13 0.0
58 14 -0.0048
58 15 -0.0088
58 16 0.004
58 17 -0.0032
58 18 0.004
58 19 -0.0072
58 20 0.0008
58 21 0.0008
58 22 -0.0064
58 23 -0.0136
58 24 0.0032
58 25 -0.0056
58 26 -0.016
58 27 0.004
58 28 0.004
58 29 -0.0032
58 30 -0.0008
58 31 0.0024
58 32 -0.0168
58 33 -0.004
58 34 -0.0016
58 35 -0.0056
58 36 0.0024
58 37 0.0048
58 38 -0.004
58 39 -0.012
58 40 -0.0096
58 41 0.0008
58 42 -0.0016
58 43 -0.0024
58 44 -0.012
58 45 -0.0056
58 46 -0.0032
58 47 -0.0328
58 48 0.0016
58 49 -0.0056
58 50 0.0032
58 51 -0.0176
58 52 -0.0088
58 53 -0.0008
58 54 -0.0392
58 55 -0.008
58 56 -0.0088
58 57 -0.004
58 58 0.0032
58 59 -0.0016
58 60 -0.0208
58 61 0.0016
58 62 0.0
58 63 0.0064

59 0 -0.0008
59 1 -0.0032
59 2 -0.0136
59 3 -0.0064
59 4 -0.0096
59 5 -0.0072
59 6 -0.0056
59 7 -0.0208
59 8 -0.0064
59 9 -0.0104
59 10 -0.0192
59 11 -0.0096
59 12 -0.0032
59 13 -0.0032
59 14 -0.012
59 15 -0.016
59 16 -0.0064
59 17 -0.0136
59 18 -0.004
59 19 -0.0128
59 20 -0.0048
59 21 0.0
59 22 -0.0104
59 23 -0.0184
59 24 0.0
59 25 -0.0032
59 26 -0.0304
59 27 0.0056
59 28 0.0024
59 29 -0.0064
59 30 -0.0016
59 31 -0.0032
59 32 -0.0152
59 33 -0.0104
59 34 -0.0096
59 35 -0.0096
59 36 -0.0064
59 37 -0.0008
59 38 -0.008
59 39 -0.0192
59 40 -0.0104
59 41 -0.0064
59 42 -0.0056
59 43 -0.008
59 44 -0.0056
59 45 -0.0072
59 46 -0.0064
59 47 -0.0336
59 48 -0.0136
59 49 -0.0016
59 50 -0.0024
59 51 -0.0232
59 52 -0.0064
59 53 -0.0048
59 54 -0.0368
59 55 -0.0152
59 56 -0.0208
59 57 -0.0056
59 58 -0.0016
59 59 0.0
59 60 -0.0224
59 61 -0.0008
59 62 -0.0032
59 63 0.0024

60 0 -0.0216
60 1 -0.0232
60 2 -0.0192
60 3 -0.0256
60 4 -0.028
60 5 -0.0296
60 6 -0.0296
60 7 -0.0208
60 8 -0.024
60 9 -0.032
60 10 -0.0344
60 11 -0.0264
60 12 -0.016
60 13 -0.02
60 14 -0.0256
60 15 -0.0312
60 16 -0.028
60 17 -0.028
60 18 -0.0272
60 19 -0.0192
60 20 -0.0248
60 21 -0.024
60 22 -0.024
60 23 -0.0288
60 24 -0.0224
60 25 -0.02
60 26 -0.0264
60 27 -0.0256
60 28 -0.0256
60 29 -0.0272
60 30 -0.0272
60 31 -0.0248
60 32 -0.04
60 33 -0.024
60 34 -0.028
60 35 -0.0312
60 36 -0.0224
60 37 -0.0216
60 38 -0.0272
60 39 -0.0288
60 40 -0.0288
60 41 -0.0152
60 42 -0.0224
60 43 -0.0264
60 44 -0.0248
60 45 -0.0264
60 46 -0.0208
60 47 -0.0512
60 48 -0.0248
60 49 -0.0208
60 50 -0.0216
60 51 -0.0376
60 52 -0.0288
60 53 -0.0256
60 54 -0.0592
60 55 -0.0304
60 56 -0.0312
60 57 -0.0296
60 58 -0.0208
60 59 -0.0224
60 60 -0.0224
60 61 -0.0224
60 62 -0.0264
60 63 -0.0232

61 0 -0.0024
61 1 0.0008
61 2 -0.004
61 3 -0.0064
61 4 -0.0056
61 5 -0.0016
61 6 -0.0032
61 7 -0.004
61 8 -0.0008
61 9 -0.0064
61 10 -0.012
61 11 -0.008
61 12 -0.0024
61 13 0.0
61 14 -0.0048
61 15 -0.0112
61 16 0.0016
61 17 -0.0024
61 18 0.0032
61 19 -0.0112
61 20 0.0
61 21 0.0008
61 22 -0.0088
61 23 -0.0136
61 24 -0.0016
61 25 -0.0048
61 26 -0.0176
61 27 0.0016
61 28 0.004
61 29 -0.0016
61 30 -0.0016
61 31 -0.0008
61 32 -0.0168
61 33 -0.0048
61 34 0.0
61 35 -0.0064
61 36 -0.0032
61 37 0.0008
61 38 -0.0072
61 39 -0.012
61 40 -0.0112
61 41 -0.0008
61 42 -0.0024
61 43 -0.0016
61 44 -0.0088
61 45 -0.004
61 46 -0.0048
61 47 -0.0344
61 48 0.0008
61 49 -0.004
61 50 0.0008
61 51 -0.0208
61 52 -0.0096
61 53 -0.0016
61 54 -0.0416
61 55 -0.0088
61 56 -0.012
61 57 -0.0048
61 58 0.0016
61 59 -0.0008
61 60 -0.0224
61 61 -0.0016
61 62 -0.0008
61 63 0.0048

62 0 -0.0016
62 1 -0.0096
62 2 -0.0072
62 3 -0.0112
62 4 -0.0088
62 5 -0.0064
62 6 -0.0056
62 7 -0.0056
62 8 0.0
62 9 -0.0184
62 10 -0.012
62 11 -0.0088
62 12 -0.004
62 13 0.0032
62 14 -0.012
62 15 -0.0072
62 16 -0.0024
62 17 -0.0088
62 18 -0.0016
62 19 -0.0112
62 20 -0.004
62 21 0.0008
62 22 -0.0096
62 23 -0.016
62 24 -0.0016
62 25 -0.008
62 26 -0.02
62 27 -0.0032
62 28 -0.0024
62 29 -0.008
62 30 -0.0104
62 31 -0.0008
62 32 -0.0176
62 33 -0.0072
62 34 -0.0016
62 35 -0.008
62 36 -0.0088
62 37 0.0008
62 38 -0.0096
62 39 -0.0184
62 40 -0.0096
62 41 -0.0072
62 42 -0.0088
62 43 -0.0104
62 44 -0.016
62 45 -0.0016
62 46 -0.0064
62 47 -0.04
62 48 -0.0024
62 49 -0.0072
62 50 0.0016
62 51 -0.024
62 52 -0.02
62 53 -0.0048
62 54 -0.0584
62 55 -0.008
62 56 -0.0096
62 57 -0.004
62 58 0.0
62 59 -0.0032
62 60 -0.0264
62 61 -0.0008
62 62 -0.0016
62 63 -0.0024

63 0 0.0056
63 1 0.0032
63 2 -0.0072
63 3 -0.0064
63 4 -0.0096
63 5 -0.0024
63 6 -0.0048
63 7 -0.0024
63 8 -0.0056
63 9 -0.0168
63 10 -0.012
63 11 -0.0072
63 12 0.0
63 13 -0.0016
63 14 -0.008
63 15 -0.008
63 16 -0.0024
63 17 -0.008
63 18 -0.0056
63 19 -0.0104
63 20 -0.0016
63 21 -0.0056
63 22 -0.0016
63 23 -0.0104
63 24 0.0064
63 25 -0.0056
63 26 -0.0168
63 27 -0.0016
63 28 0.0008
63 29 -0.0096
63 30 -0.0072
63 31 -0.0008
63 32 -0.02
63 33 -0.0056
63 34 -0.0056
63 35 -0.0152
63 36 -0.0048
63 37 -0.0016
63 38 -0.0104
63 39 -0.0136
63 40 -0.0064
63 41 -0.0016
63 42 0.0008
63 43 -0.0072
63 44 -0.0144
63 45 0.0008
63 46 0.0008
63 47 -0.032
63 48 -0.0024
63 49 -0.004
63 50 0.0024
63 51 -0.0232
63 52 -0.0096
63 53 -0.0024
63 54 -0.04
63 55 -0.0024
63 56 -0.0128
63 57 -0.0032
63 58 0.0064
63 59 0.0024
63 60 -0.0232
63 61 0.0048
63 62 -0.0024
63 63 0.0056

