0 0 -0.0380990125842
0 1 -0.0380990125842
0 2 -0.0396990125842
0 3 -0.0364990125842
0 4 -0.0372990125842
0 5 -0.0356990125842
0 6 -0.0380990125842
0 7 -0.0388990125842
0 8 -0.0396990125842
0 9 -0.0356990125842
0 10 -0.0356990125842
0 11 -0.0364990125842
0 12 -0.0388990125842
0 13 -0.0380990125842
0 14 -0.0372990125842
0 15 -0.0364990125842
0 16 -0.0388990125842
0 17 -0.0380990125842
0 18 -0.0380990125842
0 19 -0.0372990125842
0 20 -0.0380990125842
0 21 -0.0364990125842
0 22 -0.0380990125842
0 23 -0.0372990125842
0 24 -0.0380990125842
0 25 -0.0396990125842
0 26 -0.0364990125842
0 27 -0.0380990125842
0 28 -0.0380990125842
0 29 -0.0372990125842
0 30 -0.0364990125842
0 31 -0.0372990125842
0 32 -0.0356990125842
0 33 -0.0364990125842
0 34 -0.0364990125842
0 35 -0.0372990125842
0 36 -0.0388990125842
0 37 -0.0364990125842
0 38 -0.0380990125842
0 39 -0.0364990125842
0 40 -0.0372990125842
0 41 -0.0364990125842
0 42 -0.0364990125842
0 43 -0.0372990125842
0 44 -0.0380990125842
0 45 -0.0380990125842
0 46 -0.0396990125842
0 47 -0.0308990125842
0 48 -0.0388990125842
0 49 -0.0372990125842
0 50 -0.0396990125842
0 51 -0.0380990125842
0 52 -0.0372990125842
0 53 -0.0380990125842
0 54 -0.0332990125842
0 55 -0.0372990125842
0 56 -0.0372990125842
0 57 -0.0372990125842
0 58 -0.0372990125842
0 59 -0.0372990125842
0 60 -0.0356990125842
0 61 -0.0372990125842
0 62 -0.0388990125842
0 63 -0.0388990125842

1 0 -0.0380990125842
1 1 -0.0380990125842
1 2 -0.0396990125842
1 3 -0.0372990125842
1 4 -0.0380990125842
1 5 -0.0348990125842
1 6 -0.0380990125842
1 7 -0.0380990125842
1 8 -0.0380990125842
1 9 -0.0348990125842
1 10 -0.0380990125842
1 11 -0.0372990125842
1 12 -0.0372990125842
1 13 -0.0372990125842
1 14 -0.0388990125842
1 15 -0.0388990125842
1 16 -0.0380990125842
1 17 -0.0404990125842
1 18 -0.0380990125842
1 19 -0.0364990125842
1 20 -0.0380990125842
1 21 -0.0364990125842
1 22 -0.0372990125842
1 23 -0.0348990125842
1 24 -0.0380990125842
1 25 -0.0380990125842
1 26 -0.0348990125842
1 27 -0.0364990125842
1 28 -0.0380990125842
1 29 -0.0380990125842
1 30 -0.0364990125842
1 31 -0.0372990125842
1 32 -0.0348990125842
1 33 -0.0396990125842
1 34 -0.0364990125842
1 35 -0.0364990125842
1 36 -0.0364990125842
1 37 -0.0372990125842
1 38 -0.0364990125842
1 39 -0.0364990125842
1 40 -0.0380990125842
1 41 -0.0388990125842
1 42 -0.0380990125842
1 43 -0.0364990125842
1 44 -0.0340990125842
1 45 -0.0372990125842
1 46 -0.0396990125842
1 47 -0.0300990125842
1 48 -0.0380990125842
1 49 -0.0372990125842
1 50 -0.0388990125842
1 51 -0.0380990125842
1 52 -0.0372990125842
1 53 -0.0372990125842
1 54 -0.0308990125842
1 55 -0.0372990125842
1 56 -0.0396990125842
1 57 -0.0372990125842
1 58 -0.0380990125842
1 59 -0.0364990125842
1 60 -0.0364990125842
1 61 -0.0380990125842
1 62 -0.0388990125842
1 63 -0.0364990125842

2 0 -0.0396990125842
2 1 -0.0396990125842
2 2 -0.0396990125842
2 3 -0.0364990125842
2 4 -0.0356990125842
2 5 -0.0348990125842
2 6 -0.0364990125842
2 7 -0.0380990125842
2 8 -0.0388990125842
2 9 -0.0332990125842
2 10 -0.0372990125842
2 11 -0.0356990125842
2 12 -0.0340990125842
2 13 -0.0356990125842
2 14 -0.0372990125842
2 15 -0.0340990125842
2 16 -0.0380990125842
2 17 -0.0364990125842
2 18 -0.0388990125842
2 19 -0.0356990125842
2 20 -0.0364990125842
2 21 -0.0388990125842
2 22 -0.0364990125842
2 23 -0.0340990125842
2 24 -0.0396990125842
2 25 -0.0380990125842
2 26 -0.0324990125842
2 27 -0.0380990125842
2 28 -0.0364990125842
2 29 -0.0380990125842
2 30 -0.0348990125842
2 31 -0.0380990125842
2 32 -0.0324990125842
2 33 -0.0292990125842
2 34 -0.0356990125842
2 35 -0.0364990125842
2 36 -0.0404990125842
2 37 -0.0380990125842
2 38 -0.0364990125842
2 39 -0.0356990125842
2 40 -0.0364990125842
2 41 -0.0340990125842
2 42 -0.0380990125842
2 43 -0.0396990125842
2 44 -0.0348990125842
2 45 -0.0364990125842
2 46 -0.0404990125842
2 47 -0.0292990125842
2 48 -0.0364990125842
2 49 -0.0388990125842
2 50 -0.0404990125842
2 51 -0.0356990125842
2 52 -0.0380990125842
2 53 -0.0364990125842
2 54 -0.0356990125842
2 55 -0.0356990125842
2 56 -0.0348990125842
2 57 -0.0364990125842
2 58 -0.0396990125842
2 59 -0.0356990125842
2 60 -0.0348990125842
2 61 -0.0396990125842
2 62 -0.0388990125842
2 63 -0.0380990125842

3 0 -0.0364990125842
3 1 -0.0372990125842
3 2 -0.0364990125842
3 3 -0.0364990125842
3 4 -0.0356990125842
3 5 -0.0332990125842
3 6 -0.0356990125842
3 7 -0.0380990125842
3 8 -0.0380990125842
3 9 -0.0340990125842
3 10 -0.0356990125842
3 11 -0.0356990125842
3 12 -0.0372990125842
3 13 -0.0372990125842
3 14 -0.0356990125842
3 15 -0.0364990125842
3 16 -0.0372990125842
3 17 -0.0356990125842
3 18 -0.0380990125842
3 19 -0.0372990125842
3 20 -0.0356990125842
3 21 -0.0364990125842
3 22 -0.0348990125842
3 23 -0.0348990125842
3 24 -0.0364990125842
3 25 -0.0332990125842
3 26 -0.0348990125842
3 27 -0.0356990125842
3 28 -0.0380990125842
3 29 -0.0364990125842
3 30 -0.0348990125842
3 31 -0.0364990125842
3 32 -0.0300990125842
3 33 -0.0372990125842
3 34 -0.0372990125842
3 35 -0.0348990125842
3 36 -0.0364990125842
3 37 -0.0372990125842
3 38 -0.0340990125842
3 39 -0.0332990125842
3 40 -0.0364990125842
3 41 -0.0380990125842
3 42 -0.0380990125842
3 43 -0.0356990125842
3 44 -0.0340990125842
3 45 -0.0364990125842
3 46 -0.0348990125842
3 47 -0.0284990125842
3 48 -0.0372990125842
3 49 -0.0380990125842
3 50 -0.0372990125842
3 51 -0.0340990125842
3 52 -0.0356990125842
3 53 -0.0372990125842
3 54 -0.0284990125842
3 55 -0.0356990125842
3 56 -0.0356990125842
3 57 -0.0348990125842
3 58 -0.0364990125842
3 59 -0.0380990125842
3 60 -0.0340990125842
3 61 -0.0356990125842
3 62 -0.0372990125842
3 63 -0.0372990125842

4 0 -0.0372990125842
4 1 -0.0380990125842
4 2 -0.0356990125842
4 3 -0.0356990125842
4 4 -0.0372990125842
4 5 -0.0356990125842
4 6 -0.0356990125842
4 7 -0.0356990125842
4 8 -0.0356990125842
4 9 -0.0356990125842
4 10 -0.0364990125842
4 11 -0.0380990125842
4 12 -0.0372990125842
4 13 -0.0388990125842
4 14 -0.0300990125842
4 15 -0.0380990125842
4 16 -0.0380990125842
4 17 -0.0356990125842
4 18 -0.0372990125842
4 19 -0.0364990125842
4 20 -0.0372990125842
4 21 -0.0372990125842
4 22 -0.0356990125842
4 23 -0.0372990125842
4 24 -0.0372990125842
4 25 -0.0372990125842
4 26 -0.0364990125842
4 27 -0.0364990125842
4 28 -0.0372990125842
4 29 -0.0380990125842
4 30 -0.0356990125842
4 31 -0.0372990125842
4 32 -0.0332990125842
4 33 -0.0348990125842
4 34 -0.0356990125842
4 35 -0.0356990125842
4 36 -0.0372990125842
4 37 -0.0356990125842
4 38 -0.0348990125842
4 39 -0.0356990125842
4 40 -0.0380990125842
4 41 -0.0364990125842
4 42 -0.0364990125842
4 43 -0.0364990125842
4 44 -0.0348990125842
4 45 -0.0364990125842
4 46 -0.0372990125842
4 47 -0.0324990125842
4 48 -0.0348990125842
4 49 -0.0372990125842
4 50 -0.0372990125842
4 51 -0.0364990125842
4 52 -0.0372990125842
4 53 -0.0380990125842
4 54 -0.0340990125842
4 55 -0.0364990125842
4 56 -0.0340990125842
4 57 -0.0356990125842
4 58 -0.0380990125842
4 59 -0.0372990125842
4 60 -0.0340990125842
4 61 -0.0380990125842
4 62 -0.0380990125842
4 63 -0.0356990125842

5 0 -0.0356990125842
5 1 -0.0348990125842
5 2 -0.0348990125842
5 3 -0.0332990125842
5 4 -0.0356990125842
5 5 -0.0356990125842
5 6 -0.0356990125842
5 7 -0.0356990125842
5 8 -0.0348990125842
5 9 -0.0332990125842
5 10 -0.0348990125842
5 11 -0.0356990125842
5 12 -0.0364990125842
5 13 -0.0332990125842
5 14 -0.0356990125842
5 15 -0.0340990125842
5 16 -0.0364990125842
5 17 -0.0380990125842
5 18 -0.0356990125842
5 19 -0.0340990125842
5 20 -0.0348990125842
5 21 -0.0356990125842
5 22 -0.0356990125842
5 23 -0.0348990125842
5 24 -0.0356990125842
5 25 -0.0356990125842
5 26 -0.0340990125842
5 27 -0.0372990125842
5 28 -0.0364990125842
5 29 -0.0340990125842
5 30 -0.0356990125842
5 31 -0.0348990125842
5 32 -0.0348990125842
5 33 -0.0348990125842
5 34 -0.0364990125842
5 35 -0.0356990125842
5 36 -0.0348990125842
5 37 -0.0356990125842
5 38 -0.0340990125842
5 39 -0.0348990125842
5 40 -0.0356990125842
5 41 -0.0356990125842
5 42 -0.0356990125842
5 43 -0.0372990125842
5 44 -0.0348990125842
5 45 -0.0372990125842
5 46 -0.0356990125842
5 47 -0.0300990125842
5 48 -0.0348990125842
5 49 -0.0348990125842
5 50 -0.0356990125842
5 51 -0.0348990125842
5 52 -0.0356990125842
5 53 -0.0356990125842
5 54 -0.0316990125842
5 55 -0.0348990125842
5 56 -0.0348990125842
5 57 -0.0348990125842
5 58 -0.0356990125842
5 59 -0.0348990125842
5 60 -0.0340990125842
5 61 -0.0348990125842
5 62 -0.0364990125842
5 63 -0.0364990125842

6 0 -0.0380990125842
6 1 -0.0380990125842
6 2 -0.0364990125842
6 3 -0.0356990125842
6 4 -0.0356990125842
6 5 -0.0356990125842
6 6 -0.0380990125842
6 7 -0.0340990125842
6 8 -0.0380990125842
6 9 -0.0348990125842
6 10 -0.0364990125842
6 11 -0.0356990125842
6 12 -0.0388990125842
6 13 -0.0372990125842
6 14 -0.0372990125842
6 15 -0.0356990125842
6 16 -0.0380990125842
6 17 -0.0364990125842
6 18 -0.0380990125842
6 19 -0.0364990125842
6 20 -0.0380990125842
6 21 -0.0372990125842
6 22 -0.0380990125842
6 23 -0.0356990125842
6 24 -0.0380990125842
6 25 -0.0388990125842
6 26 -0.0356990125842
6 27 -0.0364990125842
6 28 -0.0372990125842
6 29 -0.0332990125842
6 30 -0.0356990125842
6 31 -0.0372990125842
6 32 -0.0324990125842
6 33 -0.0372990125842
6 34 -0.0324990125842
6 35 -0.0364990125842
6 36 -0.0372990125842
6 37 -0.0356990125842
6 38 -0.0332990125842
6 39 -0.0364990125842
6 40 -0.0348990125842
6 41 -0.0372990125842
6 42 -0.0364990125842
6 43 -0.0364990125842
6 44 -0.0348990125842
6 45 -0.0356990125842
6 46 -0.0364990125842
6 47 -0.0308990125842
6 48 -0.0364990125842
6 49 -0.0364990125842
6 50 -0.0380990125842
6 51 -0.0356990125842
6 52 -0.0364990125842
6 53 -0.0364990125842
6 54 -0.0308990125842
6 55 -0.0348990125842
6 56 -0.0332990125842
6 57 -0.0284990125842
6 58 -0.0380990125842
6 59 -0.0380990125842
6 60 -0.0332990125842
6 61 -0.0380990125842
6 62 -0.0380990125842
6 63 -0.0356990125842

7 0 -0.0388990125842
7 1 -0.0380990125842
7 2 -0.0380990125842
7 3 -0.0380990125842
7 4 -0.0356990125842
7 5 -0.0356990125842
7 6 -0.0340990125842
7 7 -0.0388990125842
7 8 -0.0372990125842
7 9 -0.0356990125842
7 10 -0.0356990125842
7 11 -0.0380990125842
7 12 -0.0396990125842
7 13 -0.0356990125842
7 14 -0.0372990125842
7 15 -0.0364990125842
7 16 -0.0396990125842
7 17 -0.0388990125842
7 18 -0.0372990125842
7 19 -0.0380990125842
7 20 -0.0388990125842
7 21 -0.0364990125842
7 22 -0.0388990125842
7 23 -0.0380990125842
7 24 -0.0388990125842
7 25 -0.0396990125842
7 26 -0.0372990125842
7 27 -0.0372990125842
7 28 -0.0380990125842
7 29 -0.0364990125842
7 30 -0.0364990125842
7 31 -0.0388990125842
7 32 -0.0364990125842
7 33 -0.0380990125842
7 34 -0.0324990125842
7 35 -0.0348990125842
7 36 -0.0380990125842
7 37 -0.0364990125842
7 38 -0.0356990125842
7 39 -0.0388990125842
7 40 -0.0356990125842
7 41 -0.0380990125842
7 42 -0.0372990125842
7 43 -0.0372990125842
7 44 -0.0380990125842
7 45 -0.0388990125842
7 46 -0.0380990125842
7 47 -0.0308990125842
7 48 -0.0388990125842
7 49 -0.0372990125842
7 50 -0.0388990125842
7 51 -0.0364990125842
7 52 -0.0348990125842
7 53 -0.0364990125842
7 54 -0.0300990125842
7 55 -0.0380990125842
7 56 -0.0292990125842
7 57 -0.0316990125842
7 58 -0.0380990125842
7 59 -0.0356990125842
7 60 -0.0356990125842
7 61 -0.0388990125842
7 62 -0.0388990125842
7 63 -0.0372990125842

8 0 -0.0396990125842
8 1 -0.0380990125842
8 2 -0.0388990125842
8 3 -0.0380990125842
8 4 -0.0356990125842
8 5 -0.0348990125842
8 6 -0.0380990125842
8 7 -0.0372990125842
8 8 -0.0396990125842
8 9 -0.0364990125842
8 10 -0.0372990125842
8 11 -0.0372990125842
8 12 -0.0388990125842
8 13 -0.0380990125842
8 14 -0.0372990125842
8 15 -0.0364990125842
8 16 -0.0396990125842
8 17 -0.0380990125842
8 18 -0.0388990125842
8 19 -0.0372990125842
8 20 -0.0396990125842
8 21 -0.0364990125842
8 22 -0.0388990125842
8 23 -0.0364990125842
8 24 -0.0396990125842
8 25 -0.0380990125842
8 26 -0.0380990125842
8 27 -0.0380990125842
8 28 -0.0372990125842
8 29 -0.0372990125842
8 30 -0.0372990125842
8 31 -0.0388990125842
8 32 -0.0340990125842
8 33 -0.0380990125842
8 34 -0.0372990125842
8 35 -0.0380990125842
8 36 -0.0388990125842
8 37 -0.0388990125842
8 38 -0.0380990125842
8 39 -0.0372990125842
8 40 -0.0372990125842
8 41 -0.0372990125842
8 42 -0.0372990125842
8 43 -0.0380990125842
8 44 -0.0372990125842
8 45 -0.0396990125842
8 46 -0.0396990125842
8 47 -0.0300990125842
8 48 -0.0380990125842
8 49 -0.0388990125842
8 50 -0.0396990125842
8 51 -0.0364990125842
8 52 -0.0380990125842
8 53 -0.0372990125842
8 54 -0.0324990125842
8 55 -0.0364990125842
8 56 -0.0372990125842
8 57 -0.0372990125842
8 58 -0.0396990125842
8 59 -0.0372990125842
8 60 -0.0356990125842
8 61 -0.0396990125842
8 62 -0.0396990125842
8 63 -0.0380990125842

9 0 -0.0356990125842
9 1 -0.0348990125842
9 2 -0.0332990125842
9 3 -0.0340990125842
9 4 -0.0356990125842
9 5 -0.0332990125842
9 6 -0.0348990125842
9 7 -0.0356990125842
9 8 -0.0364990125842
9 9 -0.0356990125842
9 10 -0.0300990125842
9 11 -0.0348990125842
9 12 -0.0340990125842
9 13 -0.0340990125842
9 14 -0.0364990125842
9 15 -0.0332990125842
9 16 -0.0348990125842
9 17 -0.0364990125842
9 18 -0.0340990125842
9 19 -0.0340990125842
9 20 -0.0356990125842
9 21 -0.0340990125842
9 22 -0.0364990125842
9 23 -0.0356990125842
9 24 -0.0356990125842
9 25 -0.0340990125842
9 26 -0.0316990125842
9 27 -0.0324990125842
9 28 -0.0348990125842
9 29 -0.0348990125842
9 30 -0.0316990125842
9 31 -0.0340990125842
9 32 -0.0316990125842
9 33 -0.0340990125842
9 34 -0.0340990125842
9 35 -0.0316990125842
9 36 -0.0340990125842
9 37 -0.0340990125842
9 38 -0.0364990125842
9 39 -0.0308990125842
9 40 -0.0356990125842
9 41 -0.0340990125842
9 42 -0.0332990125842
9 43 -0.0332990125842
9 44 -0.0308990125842
9 45 -0.0348990125842
9 46 -0.0372990125842
9 47 -0.0268990125842
9 48 -0.0332990125842
9 49 -0.0348990125842
9 50 -0.0356990125842
9 51 -0.0324990125842
9 52 -0.0340990125842
9 53 -0.0348990125842
9 54 -0.0260990125842
9 55 -0.0324990125842
9 56 -0.0348990125842
9 57 -0.0332990125842
9 58 -0.0348990125842
9 59 -0.0324990125842
9 60 -0.0332990125842
9 61 -0.0348990125842
9 62 -0.0356990125842
9 63 -0.0332990125842

10 0 -0.0356990125842
10 1 -0.0380990125842
10 2 -0.0372990125842
10 3 -0.0356990125842
10 4 -0.0364990125842
10 5 -0.0348990125842
10 6 -0.0364990125842
10 7 -0.0356990125842
10 8 -0.0372990125842
10 9 -0.0300990125842
10 10 -0.0356990125842
10 11 -0.0364990125842
10 12 -0.0372990125842
10 13 -0.0356990125842
10 14 -0.0372990125842
10 15 -0.0364990125842
10 16 -0.0356990125842
10 17 -0.0380990125842
10 18 -0.0364990125842
10 19 -0.0348990125842
10 20 -0.0356990125842
10 21 -0.0364990125842
10 22 -0.0364990125842
10 23 -0.0356990125842
10 24 -0.0356990125842
10 25 -0.0348990125842
10 26 -0.0332990125842
10 27 -0.0364990125842
10 28 -0.0372990125842
10 29 -0.0364990125842
10 30 -0.0356990125842
10 31 -0.0356990125842
10 32 -0.0332990125842
10 33 -0.0356990125842
10 34 -0.0372990125842
10 35 -0.0356990125842
10 36 -0.0356990125842
10 37 -0.0356990125842
10 38 -0.0364990125842
10 39 -0.0292990125842
10 40 -0.0356990125842
10 41 -0.0356990125842
10 42 -0.0356990125842
10 43 -0.0340990125842
10 44 -0.0324990125842
10 45 -0.0364990125842
10 46 -0.0364990125842
10 47 -0.0244990125842
10 48 -0.0348990125842
10 49 -0.0372990125842
10 50 -0.0364990125842
10 51 -0.0324990125842
10 52 -0.0348990125842
10 53 -0.0356990125842
10 54 -0.0228990125842
10 55 -0.0324990125842
10 56 -0.0380990125842
10 57 -0.0356990125842
10 58 -0.0364990125842
10 59 -0.0364990125842
10 60 -0.0340990125842
10 61 -0.0364990125842
10 62 -0.0372990125842
10 63 -0.0364990125842

11 0 -0.0364990125842
11 1 -0.0372990125842
11 2 -0.0356990125842
11 3 -0.0356990125842
11 4 -0.0380990125842
11 5 -0.0356990125842
11 6 -0.0356990125842
11 7 -0.0380990125842
11 8 -0.0372990125842
11 9 -0.0348990125842
11 10 -0.0364990125842
11 11 -0.0364990125842
11 12 -0.0348990125842
11 13 -0.0364990125842
11 14 -0.0364990125842
11 15 -0.0356990125842
11 16 -0.0364990125842
11 17 -0.0364990125842
11 18 -0.0372990125842
11 19 -0.0372990125842
11 20 -0.0364990125842
11 21 -0.0356990125842
11 22 -0.0364990125842
11 23 -0.0348990125842
11 24 -0.0364990125842
11 25 -0.0356990125842
11 26 -0.0364990125842
11 27 -0.0356990125842
11 28 -0.0348990125842
11 29 -0.0388990125842
11 30 -0.0364990125842
11 31 -0.0372990125842
11 32 -0.0316990125842
11 33 -0.0364990125842
11 34 -0.0364990125842
11 35 -0.0348990125842
11 36 -0.0372990125842
11 37 -0.0372990125842
11 38 -0.0388990125842
11 39 -0.0364990125842
11 40 -0.0364990125842
11 41 -0.0372990125842
11 42 -0.0364990125842
11 43 -0.0372990125842
11 44 -0.0340990125842
11 45 -0.0340990125842
11 46 -0.0372990125842
11 47 -0.0300990125842
11 48 -0.0356990125842
11 49 -0.0364990125842
11 50 -0.0364990125842
11 51 -0.0348990125842
11 52 -0.0364990125842
11 53 -0.0348990125842
11 54 -0.0316990125842
11 55 -0.0348990125842
11 56 -0.0364990125842
11 57 -0.0348990125842
11 58 -0.0364990125842
11 59 -0.0380990125842
11 60 -0.0340990125842
11 61 -0.0364990125842
11 62 -0.0356990125842
11 63 -0.0372990125842

12 0 -0.0388990125842
12 1 -0.0372990125842
12 2 -0.0340990125842
12 3 -0.0372990125842
12 4 -0.0372990125842
12 5 -0.0364990125842
12 6 -0.0388990125842
12 7 -0.0396990125842
12 8 -0.0388990125842
12 9 -0.0340990125842
12 10 -0.0372990125842
12 11 -0.0348990125842
12 12 -0.0388990125842
12 13 -0.0356990125842
12 14 -0.0372990125842
12 15 -0.0388990125842
12 16 -0.0388990125842
12 17 -0.0388990125842
12 18 -0.0396990125842
12 19 -0.0372990125842
12 20 -0.0388990125842
12 21 -0.0308990125842
12 22 -0.0372990125842
12 23 -0.0380990125842
12 24 -0.0388990125842
12 25 -0.0372990125842
12 26 -0.0356990125842
12 27 -0.0388990125842
12 28 -0.0316990125842
12 29 -0.0388990125842
12 30 -0.0364990125842
12 31 -0.0388990125842
12 32 -0.0332990125842
12 33 -0.0372990125842
12 34 -0.0380990125842
12 35 -0.0380990125842
12 36 -0.0380990125842
12 37 -0.0380990125842
12 38 -0.0388990125842
12 39 -0.0380990125842
12 40 -0.0380990125842
12 41 -0.0356990125842
12 42 -0.0372990125842
12 43 -0.0372990125842
12 44 -0.0332990125842
12 45 -0.0364990125842
12 46 -0.0380990125842
12 47 -0.0276990125842
12 48 -0.0388990125842
12 49 -0.0372990125842
12 50 -0.0396990125842
12 51 -0.0356990125842
12 52 -0.0372990125842
12 53 -0.0372990125842
12 54 -0.0332990125842
12 55 -0.0388990125842
12 56 -0.0380990125842
12 57 -0.0388990125842
12 58 -0.0396990125842
12 59 -0.0388990125842
12 60 -0.0372990125842
12 61 -0.0388990125842
12 62 -0.0388990125842
12 63 -0.0396990125842

13 0 -0.0380990125842
13 1 -0.0372990125842
13 2 -0.0356990125842
13 3 -0.0372990125842
13 4 -0.0388990125842
13 5 -0.0332990125842
13 6 -0.0372990125842
13 7 -0.0356990125842
13 8 -0.0380990125842
13 9 -0.0340990125842
13 10 -0.0356990125842
13 11 -0.0364990125842
13 12 -0.0356990125842
13 13 -0.0380990125842
13 14 -0.0380990125842
13 15 -0.0332990125842
13 16 -0.0364990125842
13 17 -0.0364990125842
13 18 -0.0372990125842
13 19 -0.0348990125842
13 20 -0.0364990125842
13 21 -0.0364990125842
13 22 -0.0380990125842
13 23 -0.0340990125842
13 24 -0.0380990125842
13 25 -0.0372990125842
13 26 -0.0356990125842
13 27 -0.0356990125842
13 28 -0.0372990125842
13 29 -0.0364990125842
13 30 -0.0348990125842
13 31 -0.0372990125842
13 32 -0.0324990125842
13 33 -0.0364990125842
13 34 -0.0348990125842
13 35 -0.0348990125842
13 36 -0.0364990125842
13 37 -0.0380990125842
13 38 -0.0356990125842
13 39 -0.0356990125842
13 40 -0.0364990125842
13 41 -0.0356990125842
13 42 -0.0364990125842
13 43 -0.0372990125842
13 44 -0.0372990125842
13 45 -0.0348990125842
13 46 -0.0380990125842
13 47 -0.0308990125842
13 48 -0.0364990125842
13 49 -0.0364990125842
13 50 -0.0372990125842
13 51 -0.0356990125842
13 52 -0.0372990125842
13 53 -0.0340990125842
13 54 -0.0324990125842
13 55 -0.0356990125842
13 56 -0.0364990125842
13 57 -0.0356990125842
13 58 -0.0372990125842
13 59 -0.0364990125842
13 60 -0.0340990125842
13 61 -0.0372990125842
13 62 -0.0372990125842
13 63 -0.0356990125842

14 0 -0.0372990125842
14 1 -0.0388990125842
14 2 -0.0372990125842
14 3 -0.0356990125842
14 4 -0.0300990125842
14 5 -0.0356990125842
14 6 -0.0372990125842
14 7 -0.0372990125842
14 8 -0.0372990125842
14 9 -0.0364990125842
14 10 -0.0372990125842
14 11 -0.0364990125842
14 12 -0.0372990125842
14 13 -0.0380990125842
14 14 -0.0372990125842
14 15 -0.0380990125842
14 16 -0.0372990125842
14 17 -0.0364990125842
14 18 -0.0380990125842
14 19 -0.0372990125842
14 20 -0.0364990125842
14 21 -0.0372990125842
14 22 -0.0348990125842
14 23 -0.0364990125842
14 24 -0.0372990125842
14 25 -0.0388990125842
14 26 -0.0364990125842
14 27 -0.0364990125842
14 28 -0.0356990125842
14 29 -0.0356990125842
14 30 -0.0356990125842
14 31 -0.0364990125842
14 32 -0.0348990125842
14 33 -0.0364990125842
14 34 -0.0372990125842
14 35 -0.0372990125842
14 36 -0.0372990125842
14 37 -0.0372990125842
14 38 -0.0364990125842
14 39 -0.0372990125842
14 40 -0.0372990125842
14 41 -0.0364990125842
14 42 -0.0364990125842
14 43 -0.0372990125842
14 44 -0.0364990125842
14 45 -0.0364990125842
14 46 -0.0364990125842
14 47 -0.0324990125842
14 48 -0.0364990125842
14 49 -0.0364990125842
14 50 -0.0372990125842
14 51 -0.0356990125842
14 52 -0.0372990125842
14 53 -0.0380990125842
14 54 -0.0332990125842
14 55 -0.0364990125842
14 56 -0.0372990125842
14 57 -0.0356990125842
14 58 -0.0372990125842
14 59 -0.0380990125842
14 60 -0.0332990125842
14 61 -0.0372990125842
14 62 -0.0372990125842
14 63 -0.0364990125842

15 0 -0.0364990125842
15 1 -0.0388990125842
15 2 -0.0340990125842
15 3 -0.0364990125842
15 4 -0.0380990125842
15 5 -0.0340990125842
15 6 -0.0356990125842
15 7 -0.0364990125842
15 8 -0.0364990125842
15 9 -0.0332990125842
15 10 -0.0364990125842
15 11 -0.0356990125842
15 12 -0.0388990125842
15 13 -0.0332990125842
15 14 -0.0380990125842
15 15 -0.0364990125842
15 16 -0.0364990125842
15 17 -0.0372990125842
15 18 -0.0372990125842
15 19 -0.0364990125842
15 20 -0.0364990125842
15 21 -0.0372990125842
15 22 -0.0372990125842
15 23 -0.0332990125842
15 24 -0.0364990125842
15 25 -0.0380990125842
15 26 -0.0364990125842
15 27 -0.0372990125842
15 28 -0.0380990125842
15 29 -0.0372990125842
15 30 -0.0364990125842
15 31 -0.0364990125842
15 32 -0.0324990125842
15 33 -0.0364990125842
15 34 -0.0356990125842
15 35 -0.0356990125842
15 36 -0.0388990125842
15 37 -0.0388990125842
15 38 -0.0372990125842
15 39 -0.0356990125842
15 40 -0.0348990125842
15 41 -0.0372990125842
15 42 -0.0356990125842
15 43 -0.0380990125842
15 44 -0.0372990125842
15 45 -0.0348990125842
15 46 -0.0380990125842
15 47 -0.0300990125842
15 48 -0.0364990125842
15 49 -0.0372990125842
15 50 -0.0380990125842
15 51 -0.0364990125842
15 52 -0.0372990125842
15 53 -0.0348990125842
15 54 -0.0332990125842
15 55 -0.0364990125842
15 56 -0.0340990125842
15 57 -0.0356990125842
15 58 -0.0372990125842
15 59 -0.0372990125842
15 60 -0.0348990125842
15 61 -0.0372990125842
15 62 -0.0388990125842
15 63 -0.0356990125842

16 0 -0.0388990125842
16 1 -0.0380990125842
16 2 -0.0380990125842
16 3 -0.0372990125842
16 4 -0.0380990125842
16 5 -0.0364990125842
16 6 -0.0380990125842
16 7 -0.0396990125842
16 8 -0.0396990125842
16 9 -0.0348990125842
16 10 -0.0356990125842
16 11 -0.0364990125842
16 12 -0.0388990125842
16 13 -0.0364990125842
16 14 -0.0372990125842
16 15 -0.0364990125842
16 16 -0.0388990125842
16 17 -0.0372990125842
16 18 -0.0372990125842
16 19 -0.0372990125842
16 20 -0.0380990125842
16 21 -0.0372990125842
16 22 -0.0380990125842
16 23 -0.0364990125842
16 24 -0.0388990125842
16 25 -0.0404990125842
16 26 -0.0364990125842
16 27 -0.0380990125842
16 28 -0.0372990125842
16 29 -0.0380990125842
16 30 -0.0372990125842
16 31 -0.0380990125842
16 32 -0.0356990125842
16 33 -0.0364990125842
16 34 -0.0372990125842
16 35 -0.0364990125842
16 36 -0.0388990125842
16 37 -0.0388990125842
16 38 -0.0372990125842
16 39 -0.0356990125842
16 40 -0.0372990125842
16 41 -0.0356990125842
16 42 -0.0372990125842
16 43 -0.0380990125842
16 44 -0.0380990125842
16 45 -0.0396990125842
16 46 -0.0404990125842
16 47 -0.0300990125842
16 48 -0.0380990125842
16 49 -0.0388990125842
16 50 -0.0396990125842
16 51 -0.0372990125842
16 52 -0.0372990125842
16 53 -0.0372990125842
16 54 -0.0324990125842
16 55 -0.0380990125842
16 56 -0.0372990125842
16 57 -0.0388990125842
16 58 -0.0388990125842
16 59 -0.0364990125842
16 60 -0.0356990125842
16 61 -0.0388990125842
16 62 -0.0380990125842
16 63 -0.0372990125842

17 0 -0.0380990125842
17 1 -0.0404990125842
17 2 -0.0364990125842
17 3 -0.0356990125842
17 4 -0.0356990125842
17 5 -0.0380990125842
17 6 -0.0364990125842
17 7 -0.0388990125842
17 8 -0.0380990125842
17 9 -0.0364990125842
17 10 -0.0380990125842
17 11 -0.0364990125842
17 12 -0.0388990125842
17 13 -0.0364990125842
17 14 -0.0364990125842
17 15 -0.0372990125842
17 16 -0.0372990125842
17 17 -0.0380990125842
17 18 -0.0388990125842
17 19 -0.0380990125842
17 20 -0.0380990125842
17 21 -0.0372990125842
17 22 -0.0372990125842
17 23 -0.0364990125842
17 24 -0.0380990125842
17 25 -0.0380990125842
17 26 -0.0372990125842
17 27 -0.0396990125842
17 28 -0.0372990125842
17 29 -0.0356990125842
17 30 -0.0364990125842
17 31 -0.0372990125842
17 32 -0.0332990125842
17 33 -0.0372990125842
17 34 -0.0380990125842
17 35 -0.0372990125842
17 36 -0.0380990125842
17 37 -0.0364990125842
17 38 -0.0372990125842
17 39 -0.0372990125842
17 40 -0.0372990125842
17 41 -0.0364990125842
17 42 -0.0380990125842
17 43 -0.0372990125842
17 44 -0.0348990125842
17 45 -0.0380990125842
17 46 -0.0380990125842
17 47 -0.0308990125842
17 48 -0.0364990125842
17 49 -0.0388990125842
17 50 -0.0380990125842
17 51 -0.0348990125842
17 52 -0.0364990125842
17 53 -0.0388990125842
17 54 -0.0316990125842
17 55 -0.0372990125842
17 56 -0.0364990125842
17 57 -0.0348990125842
17 58 -0.0380990125842
17 59 -0.0364990125842
17 60 -0.0348990125842
17 61 -0.0388990125842
17 62 -0.0380990125842
17 63 -0.0388990125842

18 0 -0.0380990125842
18 1 -0.0380990125842
18 2 -0.0388990125842
18 3 -0.0380990125842
18 4 -0.0372990125842
18 5 -0.0356990125842
18 6 -0.0380990125842
18 7 -0.0372990125842
18 8 -0.0388990125842
18 9 -0.0340990125842
18 10 -0.0364990125842
18 11 -0.0372990125842
18 12 -0.0396990125842
18 13 -0.0372990125842
18 14 -0.0380990125842
18 15 -0.0372990125842
18 16 -0.0372990125842
18 17 -0.0388990125842
18 18 -0.0380990125842
18 19 -0.0372990125842
18 20 -0.0380990125842
18 21 -0.0372990125842
18 22 -0.0380990125842
18 23 -0.0380990125842
18 24 -0.0380990125842
18 25 -0.0380990125842
18 26 -0.0364990125842
18 27 -0.0364990125842
18 28 -0.0388990125842
18 29 -0.0364990125842
18 30 -0.0356990125842
18 31 -0.0380990125842
18 32 -0.0348990125842
18 33 -0.0380990125842
18 34 -0.0364990125842
18 35 -0.0364990125842
18 36 -0.0388990125842
18 37 -0.0364990125842
18 38 -0.0364990125842
18 39 -0.0364990125842
18 40 -0.0380990125842
18 41 -0.0372990125842
18 42 -0.0372990125842
18 43 -0.0372990125842
18 44 -0.0340990125842
18 45 -0.0380990125842
18 46 -0.0388990125842
18 47 -0.0284990125842
18 48 -0.0380990125842
18 49 -0.0364990125842
18 50 -0.0396990125842
18 51 -0.0372990125842
18 52 -0.0380990125842
18 53 -0.0372990125842
18 54 -0.0316990125842
18 55 -0.0364990125842
18 56 -0.0380990125842
18 57 -0.0356990125842
18 58 -0.0380990125842
18 59 -0.0364990125842
18 60 -0.0356990125842
18 61 -0.0380990125842
18 62 -0.0396990125842
18 63 -0.0380990125842

19 0 -0.0372990125842
19 1 -0.0364990125842
19 2 -0.0356990125842
19 3 -0.0372990125842
19 4 -0.0364990125842
19 5 -0.0340990125842
19 6 -0.0364990125842
19 7 -0.0380990125842
19 8 -0.0372990125842
19 9 -0.0340990125842
19 10 -0.0348990125842
19 11 -0.0372990125842
19 12 -0.0372990125842
19 13 -0.0348990125842
19 14 -0.0372990125842
19 15 -0.0364990125842
19 16 -0.0372990125842
19 17 -0.0380990125842
19 18 -0.0372990125842
19 19 -0.0372990125842
19 20 -0.0364990125842
19 21 -0.0380990125842
19 22 -0.0364990125842
19 23 -0.0364990125842
19 24 -0.0372990125842
19 25 -0.0364990125842
19 26 -0.0300990125842
19 27 -0.0372990125842
19 28 -0.0364990125842
19 29 -0.0372990125842
19 30 -0.0380990125842
19 31 -0.0380990125842
19 32 -0.0332990125842
19 33 -0.0348990125842
19 34 -0.0364990125842
19 35 -0.0372990125842
19 36 -0.0372990125842
19 37 -0.0372990125842
19 38 -0.0372990125842
19 39 -0.0340990125842
19 40 -0.0356990125842
19 41 -0.0332990125842
19 42 -0.0356990125842
19 43 -0.0364990125842
19 44 -0.0340990125842
19 45 -0.0372990125842
19 46 -0.0380990125842
19 47 -0.0292990125842
19 48 -0.0356990125842
19 49 -0.0364990125842
19 50 -0.0380990125842
19 51 -0.0348990125842
19 52 -0.0364990125842
19 53 -0.0364990125842
19 54 -0.0284990125842
19 55 -0.0348990125842
19 56 -0.0380990125842
19 57 -0.0364990125842
19 58 -0.0380990125842
19 59 -0.0348990125842
19 60 -0.0348990125842
19 61 -0.0380990125842
19 62 -0.0380990125842
19 63 -0.0364990125842

20 0 -0.0380990125842
20 1 -0.0380990125842
20 2 -0.0364990125842
20 3 -0.0356990125842
20 4 -0.0372990125842
20 5 -0.0348990125842
20 6 -0.0380990125842
20 7 -0.0388990125842
20 8 -0.0396990125842
20 9 -0.0356990125842
20 10 -0.0356990125842
20 11 -0.0364990125842
20 12 -0.0388990125842
20 13 -0.0364990125842
20 14 -0.0364990125842
20 15 -0.0364990125842
20 16 -0.0380990125842
20 17 -0.0380990125842
20 18 -0.0380990125842
20 19 -0.0364990125842
20 20 -0.0380990125842
20 21 -0.0364990125842
20 22 -0.0364990125842
20 23 -0.0372990125842
20 24 -0.0380990125842
20 25 -0.0388990125842
20 26 -0.0356990125842
20 27 -0.0380990125842
20 28 -0.0372990125842
20 29 -0.0364990125842
20 30 -0.0364990125842
20 31 -0.0372990125842
20 32 -0.0340990125842
20 33 -0.0356990125842
20 34 -0.0364990125842
20 35 -0.0364990125842
20 36 -0.0388990125842
20 37 -0.0372990125842
20 38 -0.0364990125842
20 39 -0.0356990125842
20 40 -0.0356990125842
20 41 -0.0364990125842
20 42 -0.0364990125842
20 43 -0.0372990125842
20 44 -0.0372990125842
20 45 -0.0388990125842
20 46 -0.0388990125842
20 47 -0.0300990125842
20 48 -0.0380990125842
20 49 -0.0388990125842
20 50 -0.0388990125842
20 51 -0.0364990125842
20 52 -0.0372990125842
20 53 -0.0380990125842
20 54 -0.0332990125842
20 55 -0.0356990125842
20 56 -0.0380990125842
20 57 -0.0372990125842
20 58 -0.0380990125842
20 59 -0.0364990125842
20 60 -0.0348990125842
20 61 -0.0380990125842
20 62 -0.0380990125842
20 63 -0.0380990125842

21 0 -0.0364990125842
21 1 -0.0364990125842
21 2 -0.0388990125842
21 3 -0.0364990125842
21 4 -0.0372990125842
21 5 -0.0356990125842
21 6 -0.0372990125842
21 7 -0.0364990125842
21 8 -0.0364990125842
21 9 -0.0340990125842
21 10 -0.0364990125842
21 11 -0.0356990125842
21 12 -0.0308990125842
21 13 -0.0364990125842
21 14 -0.0372990125842
21 15 -0.0372990125842
21 16 -0.0372990125842
21 17 -0.0372990125842
21 18 -0.0372990125842
21 19 -0.0380990125842
21 20 -0.0364990125842
21 21 -0.0364990125842
21 22 -0.0380990125842
21 23 -0.0356990125842
21 24 -0.0364990125842
21 25 -0.0364990125842
21 26 -0.0356990125842
21 27 -0.0372990125842
21 28 -0.0332990125842
21 29 -0.0364990125842
21 30 -0.0348990125842
21 31 -0.0364990125842
21 32 -0.0324990125842
21 33 -0.0380990125842
21 34 -0.0356990125842
21 35 -0.0364990125842
21 36 -0.0380990125842
21 37 -0.0372990125842
21 38 -0.0364990125842
21 39 -0.0348990125842
21 40 -0.0364990125842
21 41 -0.0372990125842
21 42 -0.0364990125842
21 43 -0.0364990125842
21 44 -0.0348990125842
21 45 -0.0356990125842
21 46 -0.0372990125842
21 47 -0.0292990125842
21 48 -0.0364990125842
21 49 -0.0356990125842
21 50 -0.0364990125842
21 51 -0.0364990125842
21 52 -0.0372990125842
21 53 -0.0364990125842
21 54 -0.0332990125842
21 55 -0.0356990125842
21 56 -0.0372990125842
21 57 -0.0356990125842
21 58 -0.0364990125842
21 59 -0.0372990125842
21 60 -0.0356990125842
21 61 -0.0372990125842
21 62 -0.0372990125842
21 63 -0.0372990125842

22 0 -0.0380990125842
22 1 -0.0372990125842
22 2 -0.0364990125842
22 3 -0.0348990125842
22 4 -0.0356990125842
22 5 -0.0356990125842
22 6 -0.0380990125842
22 7 -0.0388990125842
22 8 -0.0388990125842
22 9 -0.0364990125842
22 10 -0.0364990125842
22 11 -0.0364990125842
22 12 -0.0372990125842
22 13 -0.0380990125842
22 14 -0.0348990125842
22 15 -0.0372990125842
22 16 -0.0380990125842
22 17 -0.0372990125842
22 18 -0.0380990125842
22 19 -0.0364990125842
22 20 -0.0364990125842
22 21 -0.0380990125842
22 22 -0.0380990125842
22 23 -0.0340990125842
22 24 -0.0380990125842
22 25 -0.0364990125842
22 26 -0.0364990125842
22 27 -0.0388990125842
22 28 -0.0380990125842
22 29 -0.0372990125842
22 30 -0.0356990125842
22 31 -0.0388990125842
22 32 -0.0324990125842
22 33 -0.0372990125842
22 34 -0.0372990125842
22 35 -0.0356990125842
22 36 -0.0388990125842
22 37 -0.0364990125842
22 38 -0.0364990125842
22 39 -0.0364990125842
22 40 -0.0348990125842
22 41 -0.0380990125842
22 42 -0.0356990125842
22 43 -0.0372990125842
22 44 -0.0340990125842
22 45 -0.0348990125842
22 46 -0.0340990125842
22 47 -0.0268990125842
22 48 -0.0356990125842
22 49 -0.0356990125842
22 50 -0.0372990125842
22 51 -0.0348990125842
22 52 -0.0380990125842
22 53 -0.0380990125842
22 54 -0.0308990125842
22 55 -0.0356990125842
22 56 -0.0380990125842
22 57 -0.0356990125842
22 58 -0.0372990125842
22 59 -0.0364990125842
22 60 -0.0340990125842
22 61 -0.0372990125842
22 62 -0.0372990125842
22 63 -0.0388990125842

23 0 -0.0372990125842
23 1 -0.0348990125842
23 2 -0.0340990125842
23 3 -0.0348990125842
23 4 -0.0372990125842
23 5 -0.0348990125842
23 6 -0.0356990125842
23 7 -0.0380990125842
23 8 -0.0364990125842
23 9 -0.0356990125842
23 10 -0.0356990125842
23 11 -0.0348990125842
23 12 -0.0380990125842
23 13 -0.0340990125842
23 14 -0.0364990125842
23 15 -0.0332990125842
23 16 -0.0364990125842
23 17 -0.0364990125842
23 18 -0.0380990125842
23 19 -0.0364990125842
23 20 -0.0372990125842
23 21 -0.0356990125842
23 22 -0.0340990125842
23 23 -0.0372990125842
23 24 -0.0372990125842
23 25 -0.0340990125842
23 26 -0.0356990125842
23 27 -0.0356990125842
23 28 -0.0356990125842
23 29 -0.0364990125842
23 30 -0.0388990125842
23 31 -0.0372990125842
23 32 -0.0316990125842
23 33 -0.0340990125842
23 34 -0.0356990125842
23 35 -0.0348990125842
23 36 -0.0372990125842
23 37 -0.0364990125842
23 38 -0.0340990125842
23 39 -0.0356990125842
23 40 -0.0324990125842
23 41 -0.0364990125842
23 42 -0.0348990125842
23 43 -0.0364990125842
23 44 -0.0316990125842
23 45 -0.0340990125842
23 46 -0.0340990125842
23 47 -0.0300990125842
23 48 -0.0348990125842
23 49 -0.0372990125842
23 50 -0.0364990125842
23 51 -0.0348990125842
23 52 -0.0356990125842
23 53 -0.0356990125842
23 54 -0.0292990125842
23 55 -0.0332990125842
23 56 -0.0340990125842
23 57 -0.0356990125842
23 58 -0.0364990125842
23 59 -0.0364990125842
23 60 -0.0332990125842
23 61 -0.0364990125842
23 62 -0.0388990125842
23 63 -0.0356990125842

24 0 -0.0380990125842
24 1 -0.0380990125842
24 2 -0.0396990125842
24 3 -0.0364990125842
24 4 -0.0372990125842
24 5 -0.0356990125842
24 6 -0.0380990125842
24 7 -0.0388990125842
24 8 -0.0396990125842
24 9 -0.0356990125842
24 10 -0.0356990125842
24 11 -0.0364990125842
24 12 -0.0388990125842
24 13 -0.0380990125842
24 14 -0.0372990125842
24 15 -0.0364990125842
24 16 -0.0388990125842
24 17 -0.0380990125842
24 18 -0.0380990125842
24 19 -0.0372990125842
24 20 -0.0380990125842
24 21 -0.0364990125842
24 22 -0.0380990125842
24 23 -0.0372990125842
24 24 -0.0380990125842
24 25 -0.0396990125842
24 26 -0.0364990125842
24 27 -0.0380990125842
24 28 -0.0380990125842
24 29 -0.0372990125842
24 30 -0.0364990125842
24 31 -0.0372990125842
24 32 -0.0356990125842
24 33 -0.0364990125842
24 34 -0.0364990125842
24 35 -0.0364990125842
24 36 -0.0388990125842
24 37 -0.0364990125842
24 38 -0.0380990125842
24 39 -0.0364990125842
24 40 -0.0372990125842
24 41 -0.0364990125842
24 42 -0.0364990125842
24 43 -0.0372990125842
24 44 -0.0380990125842
24 45 -0.0380990125842
24 46 -0.0396990125842
24 47 -0.0308990125842
24 48 -0.0388990125842
24 49 -0.0372990125842
24 50 -0.0396990125842
24 51 -0.0380990125842
24 52 -0.0372990125842
24 53 -0.0380990125842
24 54 -0.0332990125842
24 55 -0.0372990125842
24 56 -0.0372990125842
24 57 -0.0372990125842
24 58 -0.0372990125842
24 59 -0.0372990125842
24 60 -0.0356990125842
24 61 -0.0372990125842
24 62 -0.0388990125842
24 63 -0.0388990125842

25 0 -0.0396990125842
25 1 -0.0380990125842
25 2 -0.0380990125842
25 3 -0.0332990125842
25 4 -0.0372990125842
25 5 -0.0356990125842
25 6 -0.0388990125842
25 7 -0.0396990125842
25 8 -0.0380990125842
25 9 -0.0340990125842
25 10 -0.0348990125842
25 11 -0.0356990125842
25 12 -0.0372990125842
25 13 -0.0372990125842
25 14 -0.0388990125842
25 15 -0.0380990125842
25 16 -0.0404990125842
25 17 -0.0380990125842
25 18 -0.0380990125842
25 19 -0.0364990125842
25 20 -0.0388990125842
25 21 -0.0364990125842
25 22 -0.0364990125842
25 23 -0.0340990125842
25 24 -0.0396990125842
25 25 -0.0396990125842
25 26 -0.0356990125842
25 27 -0.0372990125842
25 28 -0.0388990125842
25 29 -0.0396990125842
25 30 -0.0364990125842
25 31 -0.0388990125842
25 32 -0.0324990125842
25 33 -0.0380990125842
25 34 -0.0372990125842
25 35 -0.0388990125842
25 36 -0.0380990125842
25 37 -0.0364990125842
25 38 -0.0388990125842
25 39 -0.0348990125842
25 40 -0.0356990125842
25 41 -0.0396990125842
25 42 -0.0388990125842
25 43 -0.0340990125842
25 44 -0.0292990125842
25 45 -0.0348990125842
25 46 -0.0348990125842
25 47 -0.0236990125842
25 48 -0.0380990125842
25 49 -0.0364990125842
25 50 -0.0388990125842
25 51 -0.0364990125842
25 52 -0.0332990125842
25 53 -0.0380990125842
25 54 -0.0276990125842
25 55 -0.0364990125842
25 56 -0.0388990125842
25 57 -0.0380990125842
25 58 -0.0396990125842
25 59 -0.0388990125842
25 60 -0.0356990125842
25 61 -0.0396990125842
25 62 -0.0380990125842
25 63 -0.0372990125842

26 0 -0.0364990125842
26 1 -0.0348990125842
26 2 -0.0324990125842
26 3 -0.0348990125842
26 4 -0.0364990125842
26 5 -0.0340990125842
26 6 -0.0356990125842
26 7 -0.0372990125842
26 8 -0.0380990125842
26 9 -0.0316990125842
26 10 -0.0332990125842
26 11 -0.0364990125842
26 12 -0.0356990125842
26 13 -0.0356990125842
26 14 -0.0364990125842
26 15 -0.0364990125842
26 16 -0.0364990125842
26 17 -0.0372990125842
26 18 -0.0364990125842
26 19 -0.0300990125842
26 20 -0.0356990125842
26 21 -0.0356990125842
26 22 -0.0364990125842
26 23 -0.0356990125842
26 24 -0.0364990125842
26 25 -0.0356990125842
26 26 -0.0364990125842
26 27 -0.0348990125842
26 28 -0.0356990125842
26 29 -0.0356990125842
26 30 -0.0356990125842
26 31 -0.0348990125842
26 32 -0.0324990125842
26 33 -0.0332990125842
26 34 -0.0364990125842
26 35 -0.0372990125842
26 36 -0.0348990125842
26 37 -0.0364990125842
26 38 -0.0356990125842
26 39 -0.0340990125842
26 40 -0.0348990125842
26 41 -0.0308990125842
26 42 -0.0356990125842
26 43 -0.0356990125842
26 44 -0.0340990125842
26 45 -0.0356990125842
26 46 -0.0372990125842
26 47 -0.0284990125842
26 48 -0.0340990125842
26 49 -0.0364990125842
26 50 -0.0372990125842
26 51 -0.0332990125842
26 52 -0.0356990125842
26 53 -0.0372990125842
26 54 -0.0252990125842
26 55 -0.0340990125842
26 56 -0.0364990125842
26 57 -0.0356990125842
26 58 -0.0372990125842
26 59 -0.0332990125842
26 60 -0.0324990125842
26 61 -0.0372990125842
26 62 -0.0364990125842
26 63 -0.0356990125842

27 0 -0.0380990125842
27 1 -0.0364990125842
27 2 -0.0380990125842
27 3 -0.0356990125842
27 4 -0.0364990125842
27 5 -0.0372990125842
27 6 -0.0364990125842
27 7 -0.0372990125842
27 8 -0.0380990125842
27 9 -0.0324990125842
27 10 -0.0364990125842
27 11 -0.0356990125842
27 12 -0.0388990125842
27 13 -0.0356990125842
27 14 -0.0364990125842
27 15 -0.0372990125842
27 16 -0.0380990125842
27 17 -0.0396990125842
27 18 -0.0364990125842
27 19 -0.0372990125842
27 20 -0.0380990125842
27 21 -0.0372990125842
27 22 -0.0388990125842
27 23 -0.0356990125842
27 24 -0.0380990125842
27 25 -0.0372990125842
27 26 -0.0348990125842
27 27 -0.0380990125842
27 28 -0.0372990125842
27 29 -0.0380990125842
27 30 -0.0356990125842
27 31 -0.0380990125842
27 32 -0.0340990125842
27 33 -0.0364990125842
27 34 -0.0372990125842
27 35 -0.0356990125842
27 36 -0.0388990125842
27 37 -0.0356990125842
27 38 -0.0364990125842
27 39 -0.0380990125842
27 40 -0.0356990125842
27 41 -0.0364990125842
27 42 -0.0372990125842
27 43 -0.0364990125842
27 44 -0.0340990125842
27 45 -0.0380990125842
27 46 -0.0380990125842
27 47 -0.0308990125842
27 48 -0.0364990125842
27 49 -0.0388990125842
27 50 -0.0380990125842
27 51 -0.0372990125842
27 52 -0.0356990125842
27 53 -0.0356990125842
27 54 -0.0316990125842
27 55 -0.0364990125842
27 56 -0.0388990125842
27 57 -0.0356990125842
27 58 -0.0372990125842
27 59 -0.0380990125842
27 60 -0.0348990125842
27 61 -0.0380990125842
27 62 -0.0364990125842
27 63 -0.0356990125842

28 0 -0.0380990125842
28 1 -0.0380990125842
28 2 -0.0364990125842
28 3 -0.0380990125842
28 4 -0.0372990125842
28 5 -0.0364990125842
28 6 -0.0372990125842
28 7 -0.0380990125842
28 8 -0.0372990125842
28 9 -0.0348990125842
28 10 -0.0372990125842
28 11 -0.0348990125842
28 12 -0.0316990125842
28 13 -0.0372990125842
28 14 -0.0356990125842
28 15 -0.0380990125842
28 16 -0.0372990125842
28 17 -0.0372990125842
28 18 -0.0388990125842
28 19 -0.0364990125842
28 20 -0.0372990125842
28 21 -0.0332990125842
28 22 -0.0380990125842
28 23 -0.0356990125842
28 24 -0.0380990125842
28 25 -0.0388990125842
28 26 -0.0356990125842
28 27 -0.0372990125842
28 28 -0.0380990125842
28 29 -0.0364990125842
28 30 -0.0348990125842
28 31 -0.0364990125842
28 32 -0.0340990125842
28 33 -0.0372990125842
28 34 -0.0380990125842
28 35 -0.0388990125842
28 36 -0.0380990125842
28 37 -0.0380990125842
28 38 -0.0380990125842
28 39 -0.0356990125842
28 40 -0.0372990125842
28 41 -0.0364990125842
28 42 -0.0372990125842
28 43 -0.0364990125842
28 44 -0.0348990125842
28 45 -0.0372990125842
28 46 -0.0380990125842
28 47 -0.0292990125842
28 48 -0.0364990125842
28 49 -0.0380990125842
28 50 -0.0388990125842
28 51 -0.0372990125842
28 52 -0.0380990125842
28 53 -0.0372990125842
28 54 -0.0340990125842
28 55 -0.0372990125842
28 56 -0.0364990125842
28 57 -0.0348990125842
28 58 -0.0380990125842
28 59 -0.0380990125842
28 60 -0.0348990125842
28 61 -0.0372990125842
28 62 -0.0372990125842
28 63 -0.0380990125842

29 0 -0.0372990125842
29 1 -0.0380990125842
29 2 -0.0380990125842
29 3 -0.0364990125842
29 4 -0.0380990125842
29 5 -0.0340990125842
29 6 -0.0332990125842
29 7 -0.0364990125842
29 8 -0.0372990125842
29 9 -0.0348990125842
29 10 -0.0364990125842
29 11 -0.0388990125842
29 12 -0.0388990125842
29 13 -0.0364990125842
29 14 -0.0356990125842
29 15 -0.0372990125842
29 16 -0.0380990125842
29 17 -0.0356990125842
29 18 -0.0364990125842
29 19 -0.0372990125842
29 20 -0.0364990125842
29 21 -0.0364990125842
29 22 -0.0372990125842
29 23 -0.0364990125842
29 24 -0.0372990125842
29 25 -0.0396990125842
29 26 -0.0356990125842
29 27 -0.0380990125842
29 28 -0.0364990125842
29 29 -0.0372990125842
29 30 -0.0348990125842
29 31 -0.0364990125842
29 32 -0.0324990125842
29 33 -0.0380990125842
29 34 -0.0356990125842
29 35 -0.0356990125842
29 36 -0.0372990125842
29 37 -0.0364990125842
29 38 -0.0284990125842
29 39 -0.0356990125842
29 40 -0.0364990125842
29 41 -0.0356990125842
29 42 -0.0356990125842
29 43 -0.0372990125842
29 44 -0.0364990125842
29 45 -0.0364990125842
29 46 -0.0372990125842
29 47 -0.0324990125842
29 48 -0.0364990125842
29 49 -0.0364990125842
29 50 -0.0380990125842
29 51 -0.0324990125842
29 52 -0.0372990125842
29 53 -0.0356990125842
29 54 -0.0308990125842
29 55 -0.0372990125842
29 56 -0.0348990125842
29 57 -0.0324990125842
29 58 -0.0364990125842
29 59 -0.0380990125842
29 60 -0.0332990125842
29 61 -0.0364990125842
29 62 -0.0372990125842
29 63 -0.0356990125842

30 0 -0.0364990125842
30 1 -0.0364990125842
30 2 -0.0348990125842
30 3 -0.0348990125842
30 4 -0.0356990125842
30 5 -0.0356990125842
30 6 -0.0356990125842
30 7 -0.0364990125842
30 8 -0.0372990125842
30 9 -0.0316990125842
30 10 -0.0356990125842
30 11 -0.0364990125842
30 12 -0.0364990125842
30 13 -0.0348990125842
30 14 -0.0356990125842
30 15 -0.0364990125842
30 16 -0.0372990125842
30 17 -0.0364990125842
30 18 -0.0356990125842
30 19 -0.0380990125842
30 20 -0.0364990125842
30 21 -0.0348990125842
30 22 -0.0356990125842
30 23 -0.0388990125842
30 24 -0.0364990125842
30 25 -0.0364990125842
30 26 -0.0356990125842
30 27 -0.0356990125842
30 28 -0.0348990125842
30 29 -0.0348990125842
30 30 -0.0364990125842
30 31 -0.0356990125842
30 32 -0.0324990125842
30 33 -0.0364990125842
30 34 -0.0364990125842
30 35 -0.0340990125842
30 36 -0.0372990125842
30 37 -0.0348990125842
30 38 -0.0348990125842
30 39 -0.0348990125842
30 40 -0.0380990125842
30 41 -0.0364990125842
30 42 -0.0364990125842
30 43 -0.0356990125842
30 44 -0.0332990125842
30 45 -0.0356990125842
30 46 -0.0356990125842
30 47 -0.0284990125842
30 48 -0.0348990125842
30 49 -0.0372990125842
30 50 -0.0356990125842
30 51 -0.0356990125842
30 52 -0.0356990125842
30 53 -0.0348990125842
30 54 -0.0284990125842
30 55 -0.0364990125842
30 56 -0.0364990125842
30 57 -0.0348990125842
30 58 -0.0364990125842
30 59 -0.0372990125842
30 60 -0.0316990125842
30 61 -0.0364990125842
30 62 -0.0356990125842
30 63 -0.0356990125842

31 0 -0.0372990125842
31 1 -0.0372990125842
31 2 -0.0380990125842
31 3 -0.0364990125842
31 4 -0.0372990125842
31 5 -0.0348990125842
31 6 -0.0372990125842
31 7 -0.0388990125842
31 8 -0.0388990125842
31 9 -0.0340990125842
31 10 -0.0356990125842
31 11 -0.0372990125842
31 12 -0.0388990125842
31 13 -0.0372990125842
31 14 -0.0364990125842
31 15 -0.0364990125842
31 16 -0.0380990125842
31 17 -0.0372990125842
31 18 -0.0380990125842
31 19 -0.0380990125842
31 20 -0.0372990125842
31 21 -0.0364990125842
31 22 -0.0388990125842
31 23 -0.0372990125842
31 24 -0.0372990125842
31 25 -0.0388990125842
31 26 -0.0348990125842
31 27 -0.0380990125842
31 28 -0.0364990125842
31 29 -0.0364990125842
31 30 -0.0356990125842
31 31 -0.0372990125842
31 32 -0.0340990125842
31 33 -0.0364990125842
31 34 -0.0364990125842
31 35 -0.0388990125842
31 36 -0.0388990125842
31 37 -0.0380990125842
31 38 -0.0364990125842
31 39 -0.0356990125842
31 40 -0.0364990125842
31 41 -0.0364990125842
31 42 -0.0372990125842
31 43 -0.0364990125842
31 44 -0.0372990125842
31 45 -0.0396990125842
31 46 -0.0388990125842
31 47 -0.0308990125842
31 48 -0.0364990125842
31 49 -0.0388990125842
31 50 -0.0380990125842
31 51 -0.0364990125842
31 52 -0.0372990125842
31 53 -0.0380990125842
31 54 -0.0324990125842
31 55 -0.0364990125842
31 56 -0.0364990125842
31 57 -0.0364990125842
31 58 -0.0380990125842
31 59 -0.0372990125842
31 60 -0.0356990125842
31 61 -0.0380990125842
31 62 -0.0372990125842
31 63 -0.0388990125842

32 0 -0.0356990125842
32 1 -0.0348990125842
32 2 -0.0324990125842
32 3 -0.0300990125842
32 4 -0.0332990125842
32 5 -0.0348990125842
32 6 -0.0324990125842
32 7 -0.0364990125842
32 8 -0.0340990125842
32 9 -0.0316990125842
32 10 -0.0332990125842
32 11 -0.0316990125842
32 12 -0.0332990125842
32 13 -0.0324990125842
32 14 -0.0348990125842
32 15 -0.0324990125842
32 16 -0.0356990125842
32 17 -0.0332990125842
32 18 -0.0348990125842
32 19 -0.0332990125842
32 20 -0.0340990125842
32 21 -0.0324990125842
32 22 -0.0324990125842
32 23 -0.0316990125842
32 24 -0.0356990125842
32 25 -0.0324990125842
32 26 -0.0324990125842
32 27 -0.0340990125842
32 28 -0.0340990125842
32 29 -0.0324990125842
32 30 -0.0324990125842
32 31 -0.0340990125842
32 32 -0.0356990125842
32 33 -0.0324990125842
32 34 -0.0340990125842
32 35 -0.0324990125842
32 36 -0.0340990125842
32 37 -0.0340990125842
32 38 -0.0324990125842
32 39 -0.0316990125842
32 40 -0.0324990125842
32 41 -0.0316990125842
32 42 -0.0340990125842
32 43 -0.0332990125842
32 44 -0.0300990125842
32 45 -0.0316990125842
32 46 -0.0348990125842
32 47 -0.0260990125842
32 48 -0.0332990125842
32 49 -0.0348990125842
32 50 -0.0356990125842
32 51 -0.0292990125842
32 52 -0.0332990125842
32 53 -0.0332990125842
32 54 -0.0276990125842
32 55 -0.0316990125842
32 56 -0.0340990125842
32 57 -0.0324990125842
32 58 -0.0356990125842
32 59 -0.0316990125842
32 60 -0.0292990125842
32 61 -0.0356990125842
32 62 -0.0356990125842
32 63 -0.0324990125842

33 0 -0.0364990125842
33 1 -0.0396990125842
33 2 -0.0292990125842
33 3 -0.0372990125842
33 4 -0.0348990125842
33 5 -0.0348990125842
33 6 -0.0372990125842
33 7 -0.0380990125842
33 8 -0.0380990125842
33 9 -0.0340990125842
33 10 -0.0356990125842
33 11 -0.0364990125842
33 12 -0.0372990125842
33 13 -0.0364990125842
33 14 -0.0364990125842
33 15 -0.0364990125842
33 16 -0.0364990125842
33 17 -0.0372990125842
33 18 -0.0380990125842
33 19 -0.0348990125842
33 20 -0.0356990125842
33 21 -0.0380990125842
33 22 -0.0372990125842
33 23 -0.0340990125842
33 24 -0.0364990125842
33 25 -0.0380990125842
33 26 -0.0332990125842
33 27 -0.0364990125842
33 28 -0.0372990125842
33 29 -0.0380990125842
33 30 -0.0364990125842
33 31 -0.0364990125842
33 32 -0.0324990125842
33 33 -0.0364990125842
33 34 -0.0372990125842
33 35 -0.0356990125842
33 36 -0.0388990125842
33 37 -0.0348990125842
33 38 -0.0372990125842
33 39 -0.0364990125842
33 40 -0.0364990125842
33 41 -0.0332990125842
33 42 -0.0356990125842
33 43 -0.0380990125842
33 44 -0.0332990125842
33 45 -0.0364990125842
33 46 -0.0388990125842
33 47 -0.0308990125842
33 48 -0.0356990125842
33 49 -0.0372990125842
33 50 -0.0380990125842
33 51 -0.0348990125842
33 52 -0.0388990125842
33 53 -0.0372990125842
33 54 -0.0332990125842
33 55 -0.0364990125842
33 56 -0.0356990125842
33 57 -0.0372990125842
33 58 -0.0372990125842
33 59 -0.0356990125842
33 60 -0.0340990125842
33 61 -0.0372990125842
33 62 -0.0388990125842
33 63 -0.0372990125842

34 0 -0.0364990125842
34 1 -0.0364990125842
34 2 -0.0356990125842
34 3 -0.0372990125842
34 4 -0.0356990125842
34 5 -0.0364990125842
34 6 -0.0324990125842
34 7 -0.0324990125842
34 8 -0.0372990125842
34 9 -0.0340990125842
34 10 -0.0372990125842
34 11 -0.0364990125842
34 12 -0.0380990125842
34 13 -0.0348990125842
34 14 -0.0372990125842
34 15 -0.0356990125842
34 16 -0.0372990125842
34 17 -0.0380990125842
34 18 -0.0364990125842
34 19 -0.0364990125842
34 20 -0.0364990125842
34 21 -0.0356990125842
34 22 -0.0372990125842
34 23 -0.0356990125842
34 24 -0.0364990125842
34 25 -0.0372990125842
34 26 -0.0364990125842
34 27 -0.0372990125842
34 28 -0.0380990125842
34 29 -0.0356990125842
34 30 -0.0364990125842
34 31 -0.0364990125842
34 32 -0.0340990125842
34 33 -0.0372990125842
34 34 -0.0364990125842
34 35 -0.0332990125842
34 36 -0.0364990125842
34 37 -0.0364990125842
34 38 -0.0348990125842
34 39 -0.0372990125842
34 40 -0.0364990125842
34 41 -0.0380990125842
34 42 -0.0364990125842
34 43 -0.0364990125842
34 44 -0.0356990125842
34 45 -0.0356990125842
34 46 -0.0356990125842
34 47 -0.0308990125842
34 48 -0.0364990125842
34 49 -0.0348990125842
34 50 -0.0372990125842
34 51 -0.0364990125842
34 52 -0.0364990125842
34 53 -0.0348990125842
34 54 -0.0308990125842
34 55 -0.0356990125842
34 56 -0.0300990125842
34 57 -0.0300990125842
34 58 -0.0372990125842
34 59 -0.0356990125842
34 60 -0.0340990125842
34 61 -0.0372990125842
34 62 -0.0372990125842
34 63 -0.0364990125842

35 0 -0.0372990125842
35 1 -0.0364990125842
35 2 -0.0364990125842
35 3 -0.0348990125842
35 4 -0.0356990125842
35 5 -0.0356990125842
35 6 -0.0364990125842
35 7 -0.0348990125842
35 8 -0.0380990125842
35 9 -0.0316990125842
35 10 -0.0356990125842
35 11 -0.0348990125842
35 12 -0.0380990125842
35 13 -0.0348990125842
35 14 -0.0372990125842
35 15 -0.0356990125842
35 16 -0.0364990125842
35 17 -0.0372990125842
35 18 -0.0364990125842
35 19 -0.0372990125842
35 20 -0.0364990125842
35 21 -0.0364990125842
35 22 -0.0356990125842
35 23 -0.0348990125842
35 24 -0.0364990125842
35 25 -0.0388990125842
35 26 -0.0372990125842
35 27 -0.0356990125842
35 28 -0.0388990125842
35 29 -0.0356990125842
35 30 -0.0340990125842
35 31 -0.0388990125842
35 32 -0.0324990125842
35 33 -0.0356990125842
35 34 -0.0332990125842
35 35 -0.0364990125842
35 36 -0.0380990125842
35 37 -0.0356990125842
35 38 -0.0340990125842
35 39 -0.0364990125842
35 40 -0.0364990125842
35 41 -0.0372990125842
35 42 -0.0364990125842
35 43 -0.0364990125842
35 44 -0.0316990125842
35 45 -0.0356990125842
35 46 -0.0372990125842
35 47 -0.0300990125842
35 48 -0.0364990125842
35 49 -0.0364990125842
35 50 -0.0380990125842
35 51 -0.0364990125842
35 52 -0.0356990125842
35 53 -0.0356990125842
35 54 -0.0308990125842
35 55 -0.0356990125842
35 56 -0.0332990125842
35 57 -0.0340990125842
35 58 -0.0380990125842
35 59 -0.0364990125842
35 60 -0.0340990125842
35 61 -0.0380990125842
35 62 -0.0380990125842
35 63 -0.0372990125842

36 0 -0.0388990125842
36 1 -0.0364990125842
36 2 -0.0404990125842
36 3 -0.0364990125842
36 4 -0.0372990125842
36 5 -0.0348990125842
36 6 -0.0372990125842
36 7 -0.0380990125842
36 8 -0.0388990125842
36 9 -0.0340990125842
36 10 -0.0356990125842
36 11 -0.0372990125842
36 12 -0.0380990125842
36 13 -0.0364990125842
36 14 -0.0372990125842
36 15 -0.0388990125842
36 16 -0.0388990125842
36 17 -0.0380990125842
36 18 -0.0388990125842
36 19 -0.0372990125842
36 20 -0.0388990125842
36 21 -0.0380990125842
36 22 -0.0388990125842
36 23 -0.0372990125842
36 24 -0.0388990125842
36 25 -0.0380990125842
36 26 -0.0348990125842
36 27 -0.0388990125842
36 28 -0.0380990125842
36 29 -0.0372990125842
36 30 -0.0372990125842
36 31 -0.0388990125842
36 32 -0.0340990125842
36 33 -0.0388990125842
36 34 -0.0364990125842
36 35 -0.0380990125842
36 36 -0.0388990125842
36 37 -0.0372990125842
36 38 -0.0364990125842
36 39 -0.0348990125842
36 40 -0.0364990125842
36 41 -0.0388990125842
36 42 -0.0372990125842
36 43 -0.0364990125842
36 44 -0.0340990125842
36 45 -0.0396990125842
36 46 -0.0388990125842
36 47 -0.0300990125842
36 48 -0.0380990125842
36 49 -0.0388990125842
36 50 -0.0388990125842
36 51 -0.0372990125842
36 52 -0.0372990125842
36 53 -0.0364990125842
36 54 -0.0308990125842
36 55 -0.0372990125842
36 56 -0.0380990125842
36 57 -0.0372990125842
36 58 -0.0388990125842
36 59 -0.0372990125842
36 60 -0.0356990125842
36 61 -0.0388990125842
36 62 -0.0388990125842
36 63 -0.0388990125842

37 0 -0.0364990125842
37 1 -0.0372990125842
37 2 -0.0380990125842
37 3 -0.0372990125842
37 4 -0.0356990125842
37 5 -0.0356990125842
37 6 -0.0356990125842
37 7 -0.0364990125842
37 8 -0.0388990125842
37 9 -0.0340990125842
37 10 -0.0356990125842
37 11 -0.0372990125842
37 12 -0.0380990125842
37 13 -0.0380990125842
37 14 -0.0372990125842
37 15 -0.0388990125842
37 16 -0.0388990125842
37 17 -0.0364990125842
37 18 -0.0364990125842
37 19 -0.0372990125842
37 20 -0.0372990125842
37 21 -0.0372990125842
37 22 -0.0364990125842
37 23 -0.0364990125842
37 24 -0.0364990125842
37 25 -0.0364990125842
37 26 -0.0364990125842
37 27 -0.0356990125842
37 28 -0.0380990125842
37 29 -0.0364990125842
37 30 -0.0348990125842
37 31 -0.0380990125842
37 32 -0.0340990125842
37 33 -0.0348990125842
37 34 -0.0364990125842
37 35 -0.0356990125842
37 36 -0.0372990125842
37 37 -0.0364990125842
37 38 -0.0356990125842
37 39 -0.0348990125842
37 40 -0.0388990125842
37 41 -0.0372990125842
37 42 -0.0356990125842
37 43 -0.0364990125842
37 44 -0.0340990125842
37 45 -0.0372990125842
37 46 -0.0356990125842
37 47 -0.0308990125842
37 48 -0.0372990125842
37 49 -0.0372990125842
37 50 -0.0380990125842
37 51 -0.0348990125842
37 52 -0.0364990125842
37 53 -0.0372990125842
37 54 -0.0268990125842
37 55 -0.0364990125842
37 56 -0.0372990125842
37 57 -0.0364990125842
37 58 -0.0372990125842
37 59 -0.0364990125842
37 60 -0.0340990125842
37 61 -0.0372990125842
37 62 -0.0372990125842
37 63 -0.0364990125842

38 0 -0.0380990125842
38 1 -0.0364990125842
38 2 -0.0364990125842
38 3 -0.0340990125842
38 4 -0.0348990125842
38 5 -0.0340990125842
38 6 -0.0332990125842
38 7 -0.0356990125842
38 8 -0.0380990125842
38 9 -0.0364990125842
38 10 -0.0364990125842
38 11 -0.0388990125842
38 12 -0.0388990125842
38 13 -0.0356990125842
38 14 -0.0364990125842
38 15 -0.0372990125842
38 16 -0.0372990125842
38 17 -0.0372990125842
38 18 -0.0364990125842
38 19 -0.0372990125842
38 20 -0.0364990125842
38 21 -0.0364990125842
38 22 -0.0364990125842
38 23 -0.0340990125842
38 24 -0.0380990125842
38 25 -0.0388990125842
38 26 -0.0356990125842
38 27 -0.0364990125842
38 28 -0.0380990125842
38 29 -0.0284990125842
38 30 -0.0348990125842
38 31 -0.0364990125842
38 32 -0.0324990125842
38 33 -0.0372990125842
38 34 -0.0348990125842
38 35 -0.0340990125842
38 36 -0.0364990125842
38 37 -0.0356990125842
38 38 -0.0380990125842
38 39 -0.0356990125842
38 40 -0.0380990125842
38 41 -0.0364990125842
38 42 -0.0356990125842
38 43 -0.0364990125842
38 44 -0.0364990125842
38 45 -0.0372990125842
38 46 -0.0364990125842
38 47 -0.0308990125842
38 48 -0.0380990125842
38 49 -0.0356990125842
38 50 -0.0380990125842
38 51 -0.0348990125842
38 52 -0.0356990125842
38 53 -0.0364990125842
38 54 -0.0308990125842
38 55 -0.0364990125842
38 56 -0.0340990125842
38 57 -0.0332990125842
38 58 -0.0380990125842
38 59 -0.0388990125842
38 60 -0.0332990125842
38 61 -0.0372990125842
38 62 -0.0380990125842
38 63 -0.0356990125842

39 0 -0.0364990125842
39 1 -0.0364990125842
39 2 -0.0356990125842
39 3 -0.0332990125842
39 4 -0.0356990125842
39 5 -0.0348990125842
39 6 -0.0364990125842
39 7 -0.0388990125842
39 8 -0.0372990125842
39 9 -0.0308990125842
39 10 -0.0292990125842
39 11 -0.0364990125842
39 12 -0.0380990125842
39 13 -0.0356990125842
39 14 -0.0372990125842
39 15 -0.0356990125842
39 16 -0.0356990125842
39 17 -0.0372990125842
39 18 -0.0364990125842
39 19 -0.0340990125842
39 20 -0.0356990125842
39 21 -0.0348990125842
39 22 -0.0364990125842
39 23 -0.0356990125842
39 24 -0.0364990125842
39 25 -0.0348990125842
39 26 -0.0340990125842
39 27 -0.0380990125842
39 28 -0.0356990125842
39 29 -0.0356990125842
39 30 -0.0348990125842
39 31 -0.0356990125842
39 32 -0.0316990125842
39 33 -0.0364990125842
39 34 -0.0372990125842
39 35 -0.0364990125842
39 36 -0.0348990125842
39 37 -0.0348990125842
39 38 -0.0356990125842
39 39 -0.0364990125842
39 40 -0.0356990125842
39 41 -0.0348990125842
39 42 -0.0356990125842
39 43 -0.0348990125842
39 44 -0.0324990125842
39 45 -0.0372990125842
39 46 -0.0364990125842
39 47 -0.0236990125842
39 48 -0.0348990125842
39 49 -0.0348990125842
39 50 -0.0380990125842
39 51 -0.0324990125842
39 52 -0.0348990125842
39 53 -0.0380990125842
39 54 -0.0244990125842
39 55 -0.0340990125842
39 56 -0.0396990125842
39 57 -0.0348990125842
39 58 -0.0364990125842
39 59 -0.0356990125842
39 60 -0.0316990125842
39 61 -0.0372990125842
39 62 -0.0372990125842
39 63 -0.0356990125842

40 0 -0.0372990125842
40 1 -0.0380990125842
40 2 -0.0364990125842
40 3 -0.0364990125842
40 4 -0.0380990125842
40 5 -0.0356990125842
40 6 -0.0348990125842
40 7 -0.0356990125842
40 8 -0.0372990125842
40 9 -0.0356990125842
40 10 -0.0356990125842
40 11 -0.0364990125842
40 12 -0.0380990125842
40 13 -0.0364990125842
40 14 -0.0372990125842
40 15 -0.0348990125842
40 16 -0.0372990125842
40 17 -0.0372990125842
40 18 -0.0380990125842
40 19 -0.0356990125842
40 20 -0.0356990125842
40 21 -0.0364990125842
40 22 -0.0348990125842
40 23 -0.0324990125842
40 24 -0.0372990125842
40 25 -0.0356990125842
40 26 -0.0348990125842
40 27 -0.0356990125842
40 28 -0.0372990125842
40 29 -0.0364990125842
40 30 -0.0380990125842
40 31 -0.0364990125842
40 32 -0.0324990125842
40 33 -0.0364990125842
40 34 -0.0364990125842
40 35 -0.0364990125842
40 36 -0.0364990125842
40 37 -0.0388990125842
40 38 -0.0380990125842
40 39 -0.0356990125842
40 40 -0.0372990125842
40 41 -0.0364990125842
40 42 -0.0356990125842
40 43 -0.0356990125842
40 44 -0.0324990125842
40 45 -0.0356990125842
40 46 -0.0356990125842
40 47 -0.0284990125842
40 48 -0.0372990125842
40 49 -0.0364990125842
40 50 -0.0380990125842
40 51 -0.0380990125842
40 52 -0.0364990125842
40 53 -0.0364990125842
40 54 -0.0300990125842
40 55 -0.0356990125842
40 56 -0.0332990125842
40 57 -0.0356990125842
40 58 -0.0364990125842
40 59 -0.0364990125842
40 60 -0.0348990125842
40 61 -0.0372990125842
40 62 -0.0396990125842
40 63 -0.0380990125842

41 0 -0.0364990125842
41 1 -0.0388990125842
41 2 -0.0340990125842
41 3 -0.0380990125842
41 4 -0.0364990125842
41 5 -0.0356990125842
41 6 -0.0372990125842
41 7 -0.0380990125842
41 8 -0.0372990125842
41 9 -0.0340990125842
41 10 -0.0356990125842
41 11 -0.0372990125842
41 12 -0.0356990125842
41 13 -0.0356990125842
41 14 -0.0364990125842
41 15 -0.0372990125842
41 16 -0.0356990125842
41 17 -0.0364990125842
41 18 -0.0372990125842
41 19 -0.0332990125842
41 20 -0.0364990125842
41 21 -0.0372990125842
41 22 -0.0380990125842
41 23 -0.0364990125842
41 24 -0.0364990125842
41 25 -0.0396990125842
41 26 -0.0308990125842
41 27 -0.0364990125842
41 28 -0.0364990125842
41 29 -0.0356990125842
41 30 -0.0364990125842
41 31 -0.0364990125842
41 32 -0.0316990125842
41 33 -0.0332990125842
41 34 -0.0380990125842
41 35 -0.0372990125842
41 36 -0.0388990125842
41 37 -0.0372990125842
41 38 -0.0364990125842
41 39 -0.0348990125842
41 40 -0.0364990125842
41 41 -0.0364990125842
41 42 -0.0364990125842
41 43 -0.0380990125842
41 44 -0.0364990125842
41 45 -0.0380990125842
41 46 -0.0364990125842
41 47 -0.0316990125842
41 48 -0.0364990125842
41 49 -0.0380990125842
41 50 -0.0372990125842
41 51 -0.0348990125842
41 52 -0.0380990125842
41 53 -0.0364990125842
41 54 -0.0324990125842
41 55 -0.0364990125842
41 56 -0.0388990125842
41 57 -0.0380990125842
41 58 -0.0372990125842
41 59 -0.0372990125842
41 60 -0.0348990125842
41 61 -0.0372990125842
41 62 -0.0380990125842
41 63 -0.0364990125842

42 0 -0.0364990125842
42 1 -0.0380990125842
42 2 -0.0380990125842
42 3 -0.0380990125842
42 4 -0.0364990125842
42 5 -0.0356990125842
42 6 -0.0364990125842
42 7 -0.0372990125842
42 8 -0.0372990125842
42 9 -0.0332990125842
42 10 -0.0356990125842
42 11 -0.0364990125842
42 12 -0.0372990125842
42 13 -0.0364990125842
42 14 -0.0364990125842
42 15 -0.0356990125842
42 16 -0.0372990125842
42 17 -0.0380990125842
42 18 -0.0372990125842
42 19 -0.0356990125842
42 20 -0.0364990125842
42 21 -0.0364990125842
42 22 -0.0356990125842
42 23 -0.0348990125842
42 24 -0.0364990125842
42 25 -0.0388990125842
42 26 -0.0356990125842
42 27 -0.0372990125842
42 28 -0.0372990125842
42 29 -0.0356990125842
42 30 -0.0364990125842
42 31 -0.0372990125842
42 32 -0.0340990125842
42 33 -0.0356990125842
42 34 -0.0364990125842
42 35 -0.0364990125842
42 36 -0.0372990125842
42 37 -0.0356990125842
42 38 -0.0356990125842
42 39 -0.0356990125842
42 40 -0.0356990125842
42 41 -0.0364990125842
42 42 -0.0364990125842
42 43 -0.0372990125842
42 44 -0.0380990125842
42 45 -0.0372990125842
42 46 -0.0372990125842
42 47 -0.0308990125842
42 48 -0.0364990125842
42 49 -0.0372990125842
42 50 -0.0372990125842
42 51 -0.0364990125842
42 52 -0.0372990125842
42 53 -0.0356990125842
42 54 -0.0324990125842
42 55 -0.0348990125842
42 56 -0.0364990125842
42 57 -0.0364990125842
42 58 -0.0372990125842
42 59 -0.0364990125842
42 60 -0.0340990125842
42 61 -0.0364990125842
42 62 -0.0388990125842
42 63 -0.0372990125842

43 0 -0.0372990125842
43 1 -0.0364990125842
43 2 -0.0396990125842
43 3 -0.0356990125842
43 4 -0.0364990125842
43 5 -0.0372990125842
43 6 -0.0364990125842
43 7 -0.0372990125842
43 8 -0.0380990125842
43 9 -0.0332990125842
43 10 -0.0340990125842
43 11 -0.0372990125842
43 12 -0.0372990125842
43 13 -0.0372990125842
43 14 -0.0372990125842
43 15 -0.0380990125842
43 16 -0.0380990125842
43 17 -0.0372990125842
43 18 -0.0372990125842
43 19 -0.0364990125842
43 20 -0.0372990125842
43 21 -0.0364990125842
43 22 -0.0372990125842
43 23 -0.0364990125842
43 24 -0.0372990125842
43 25 -0.0340990125842
43 26 -0.0356990125842
43 27 -0.0364990125842
43 28 -0.0364990125842
43 29 -0.0372990125842
43 30 -0.0356990125842
43 31 -0.0364990125842
43 32 -0.0332990125842
43 33 -0.0380990125842
43 34 -0.0364990125842
43 35 -0.0364990125842
43 36 -0.0364990125842
43 37 -0.0364990125842
43 38 -0.0364990125842
43 39 -0.0348990125842
43 40 -0.0356990125842
43 41 -0.0380990125842
43 42 -0.0372990125842
43 43 -0.0372990125842
43 44 -0.0308990125842
43 45 -0.0372990125842
43 46 -0.0364990125842
43 47 -0.0268990125842
43 48 -0.0380990125842
43 49 -0.0364990125842
43 50 -0.0364990125842
43 51 -0.0364990125842
43 52 -0.0324990125842
43 53 -0.0364990125842
43 54 -0.0244990125842
43 55 -0.0372990125842
43 56 -0.0348990125842
43 57 -0.0332990125842
43 58 -0.0364990125842
43 59 -0.0372990125842
43 60 -0.0356990125842
43 61 -0.0372990125842
43 62 -0.0364990125842
43 63 -0.0356990125842

44 0 -0.0380990125842
44 1 -0.0340990125842
44 2 -0.0348990125842
44 3 -0.0340990125842
44 4 -0.0348990125842
44 5 -0.0348990125842
44 6 -0.0348990125842
44 7 -0.0380990125842
44 8 -0.0372990125842
44 9 -0.0308990125842
44 10 -0.0324990125842
44 11 -0.0340990125842
44 12 -0.0332990125842
44 13 -0.0372990125842
44 14 -0.0364990125842
44 15 -0.0372990125842
44 16 -0.0380990125842
44 17 -0.0348990125842
44 18 -0.0340990125842
44 19 -0.0340990125842
44 20 -0.0372990125842
44 21 -0.0348990125842
44 22 -0.0340990125842
44 23 -0.0316990125842
44 24 -0.0380990125842
44 25 -0.0292990125842
44 26 -0.0340990125842
44 27 -0.0340990125842
44 28 -0.0348990125842
44 29 -0.0364990125842
44 30 -0.0332990125842
44 31 -0.0372990125842
44 32 -0.0300990125842
44 33 -0.0332990125842
44 34 -0.0356990125842
44 35 -0.0316990125842
44 36 -0.0340990125842
44 37 -0.0340990125842
44 38 -0.0364990125842
44 39 -0.0324990125842
44 40 -0.0324990125842
44 41 -0.0364990125842
44 42 -0.0380990125842
44 43 -0.0308990125842
44 44 -0.0380990125842
44 45 -0.0308990125842
44 46 -0.0340990125842
44 47 -0.0228990125842
44 48 -0.0380990125842
44 49 -0.0348990125842
44 50 -0.0364990125842
44 51 -0.0316990125842
44 52 -0.0308990125842
44 53 -0.0364990125842
44 54 -0.0252990125842
44 55 -0.0356990125842
44 56 -0.0332990125842
44 57 -0.0332990125842
44 58 -0.0380990125842
44 59 -0.0380990125842
44 60 -0.0340990125842
44 61 -0.0380990125842
44 62 -0.0364990125842
44 63 -0.0364990125842

45 0 -0.0380990125842
45 1 -0.0372990125842
45 2 -0.0364990125842
45 3 -0.0364990125842
45 4 -0.0364990125842
45 5 -0.0372990125842
45 6 -0.0356990125842
45 7 -0.0388990125842
45 8 -0.0396990125842
45 9 -0.0348990125842
45 10 -0.0364990125842
45 11 -0.0340990125842
45 12 -0.0364990125842
45 13 -0.0348990125842
45 14 -0.0364990125842
45 15 -0.0348990125842
45 16 -0.0396990125842
45 17 -0.0380990125842
45 18 -0.0380990125842
45 19 -0.0372990125842
45 20 -0.0388990125842
45 21 -0.0356990125842
45 22 -0.0348990125842
45 23 -0.0340990125842
45 24 -0.0380990125842
45 25 -0.0348990125842
45 26 -0.0356990125842
45 27 -0.0380990125842
45 28 -0.0372990125842
45 29 -0.0364990125842
45 30 -0.0356990125842
45 31 -0.0396990125842
45 32 -0.0316990125842
45 33 -0.0364990125842
45 34 -0.0356990125842
45 35 -0.0356990125842
45 36 -0.0396990125842
45 37 -0.0372990125842
45 38 -0.0372990125842
45 39 -0.0372990125842
45 40 -0.0356990125842
45 41 -0.0380990125842
45 42 -0.0372990125842
45 43 -0.0372990125842
45 44 -0.0308990125842
45 45 -0.0380990125842
45 46 -0.0372990125842
45 47 -0.0292990125842
45 48 -0.0364990125842
45 49 -0.0372990125842
45 50 -0.0388990125842
45 51 -0.0364990125842
45 52 -0.0348990125842
45 53 -0.0348990125842
45 54 -0.0316990125842
45 55 -0.0356990125842
45 56 -0.0364990125842
45 57 -0.0372990125842
45 58 -0.0388990125842
45 59 -0.0372990125842
45 60 -0.0340990125842
45 61 -0.0380990125842
45 62 -0.0380990125842
45 63 -0.0380990125842

46 0 -0.0396990125842
46 1 -0.0396990125842
46 2 -0.0404990125842
46 3 -0.0348990125842
46 4 -0.0372990125842
46 5 -0.0356990125842
46 6 -0.0364990125842
46 7 -0.0380990125842
46 8 -0.0396990125842
46 9 -0.0372990125842
46 10 -0.0364990125842
46 11 -0.0372990125842
46 12 -0.0380990125842
46 13 -0.0380990125842
46 14 -0.0364990125842
46 15 -0.0380990125842
46 16 -0.0404990125842
46 17 -0.0380990125842
46 18 -0.0388990125842
46 19 -0.0380990125842
46 20 -0.0388990125842
46 21 -0.0372990125842
46 22 -0.0340990125842
46 23 -0.0340990125842
46 24 -0.0396990125842
46 25 -0.0348990125842
46 26 -0.0372990125842
46 27 -0.0380990125842
46 28 -0.0380990125842
46 29 -0.0372990125842
46 30 -0.0356990125842
46 31 -0.0388990125842
46 32 -0.0348990125842
46 33 -0.0388990125842
46 34 -0.0356990125842
46 35 -0.0372990125842
46 36 -0.0388990125842
46 37 -0.0356990125842
46 38 -0.0364990125842
46 39 -0.0364990125842
46 40 -0.0356990125842
46 41 -0.0364990125842
46 42 -0.0372990125842
46 43 -0.0364990125842
46 44 -0.0340990125842
46 45 -0.0372990125842
46 46 -0.0396990125842
46 47 -0.0292990125842
46 48 -0.0380990125842
46 49 -0.0380990125842
46 50 -0.0388990125842
46 51 -0.0372990125842
46 52 -0.0372990125842
46 53 -0.0388990125842
46 54 -0.0308990125842
46 55 -0.0348990125842
46 56 -0.0364990125842
46 57 -0.0356990125842
46 58 -0.0380990125842
46 59 -0.0388990125842
46 60 -0.0348990125842
46 61 -0.0388990125842
46 62 -0.0388990125842
46 63 -0.0388990125842

47 0 -0.0308990125842
47 1 -0.0300990125842
47 2 -0.0292990125842
47 3 -0.0284990125842
47 4 -0.0324990125842
47 5 -0.0300990125842
47 6 -0.0308990125842
47 7 -0.0308990125842
47 8 -0.0300990125842
47 9 -0.0268990125842
47 10 -0.0244990125842
47 11 -0.0300990125842
47 12 -0.0276990125842
47 13 -0.0308990125842
47 14 -0.0324990125842
47 15 -0.0300990125842
47 16 -0.0300990125842
47 17 -0.0308990125842
47 18 -0.0284990125842
47 19 -0.0292990125842
47 20 -0.0300990125842
47 21 -0.0292990125842
47 22 -0.0268990125842
47 23 -0.0300990125842
47 24 -0.0308990125842
47 25 -0.0236990125842
47 26 -0.0284990125842
47 27 -0.0308990125842
47 28 -0.0292990125842
47 29 -0.0324990125842
47 30 -0.0284990125842
47 31 -0.0308990125842
47 32 -0.0260990125842
47 33 -0.0308990125842
47 34 -0.0308990125842
47 35 -0.0300990125842
47 36 -0.0300990125842
47 37 -0.0308990125842
47 38 -0.0308990125842
47 39 -0.0236990125842
47 40 -0.0284990125842
47 41 -0.0316990125842
47 42 -0.0308990125842
47 43 -0.0268990125842
47 44 -0.0228990125842
47 45 -0.0292990125842
47 46 -0.0292990125842
47 47 -0.0308990125842
47 48 -0.0300990125842
47 49 -0.0292990125842
47 50 -0.0308990125842
47 51 -0.0284990125842
47 52 -0.0276990125842
47 53 -0.0292990125842
47 54 -0.0188990125842
47 55 -0.0276990125842
47 56 -0.0348990125842
47 57 -0.0292990125842
47 58 -0.0308990125842
47 59 -0.0308990125842
47 60 -0.0252990125842
47 61 -0.0300990125842
47 62 -0.0276990125842
47 63 -0.0308990125842

48 0 -0.0388990125842
48 1 -0.0380990125842
48 2 -0.0364990125842
48 3 -0.0372990125842
48 4 -0.0348990125842
48 5 -0.0348990125842
48 6 -0.0364990125842
48 7 -0.0388990125842
48 8 -0.0380990125842
48 9 -0.0332990125842
48 10 -0.0348990125842
48 11 -0.0356990125842
48 12 -0.0388990125842
48 13 -0.0364990125842
48 14 -0.0364990125842
48 15 -0.0364990125842
48 16 -0.0380990125842
48 17 -0.0364990125842
48 18 -0.0380990125842
48 19 -0.0356990125842
48 20 -0.0380990125842
48 21 -0.0364990125842
48 22 -0.0356990125842
48 23 -0.0348990125842
48 24 -0.0388990125842
48 25 -0.0380990125842
48 26 -0.0340990125842
48 27 -0.0364990125842
48 28 -0.0364990125842
48 29 -0.0364990125842
48 30 -0.0348990125842
48 31 -0.0364990125842
48 32 -0.0332990125842
48 33 -0.0356990125842
48 34 -0.0364990125842
48 35 -0.0364990125842
48 36 -0.0380990125842
48 37 -0.0372990125842
48 38 -0.0380990125842
48 39 -0.0348990125842
48 40 -0.0372990125842
48 41 -0.0364990125842
48 42 -0.0364990125842
48 43 -0.0380990125842
48 44 -0.0380990125842
48 45 -0.0364990125842
48 46 -0.0380990125842
48 47 -0.0300990125842
48 48 -0.0388990125842
48 49 -0.0372990125842
48 50 -0.0388990125842
48 51 -0.0348990125842
48 52 -0.0372990125842
48 53 -0.0372990125842
48 54 -0.0332990125842
48 55 -0.0356990125842
48 56 -0.0396990125842
48 57 -0.0356990125842
48 58 -0.0388990125842
48 59 -0.0364990125842
48 60 -0.0340990125842
48 61 -0.0388990125842
48 62 -0.0372990125842
48 63 -0.0372990125842

49 0 -0.0372990125842
49 1 -0.0372990125842
49 2 -0.0388990125842
49 3 -0.0380990125842
49 4 -0.0372990125842
49 5 -0.0348990125842
49 6 -0.0364990125842
49 7 -0.0372990125842
49 8 -0.0388990125842
49 9 -0.0348990125842
49 10 -0.0372990125842
49 11 -0.0364990125842
49 12 -0.0372990125842
49 13 -0.0364990125842
49 14 -0.0364990125842
49 15 -0.0372990125842
49 16 -0.0388990125842
49 17 -0.0388990125842
49 18 -0.0364990125842
49 19 -0.0364990125842
49 20 -0.0388990125842
49 21 -0.0356990125842
49 22 -0.0356990125842
49 23 -0.0372990125842
49 24 -0.0372990125842
49 25 -0.0364990125842
49 26 -0.0364990125842
49 27 -0.0388990125842
49 28 -0.0380990125842
49 29 -0.0364990125842
49 30 -0.0372990125842
49 31 -0.0388990125842
49 32 -0.0348990125842
49 33 -0.0372990125842
49 34 -0.0348990125842
49 35 -0.0364990125842
49 36 -0.0388990125842
49 37 -0.0372990125842
49 38 -0.0356990125842
49 39 -0.0348990125842
49 40 -0.0364990125842
49 41 -0.0380990125842
49 42 -0.0372990125842
49 43 -0.0364990125842
49 44 -0.0348990125842
49 45 -0.0372990125842
49 46 -0.0380990125842
49 47 -0.0292990125842
49 48 -0.0372990125842
49 49 -0.0372990125842
49 50 -0.0388990125842
49 51 -0.0364990125842
49 52 -0.0364990125842
49 53 -0.0364990125842
49 54 -0.0332990125842
49 55 -0.0364990125842
49 56 -0.0388990125842
49 57 -0.0372990125842
49 58 -0.0388990125842
49 59 -0.0380990125842
49 60 -0.0356990125842
49 61 -0.0388990125842
49 62 -0.0380990125842
49 63 -0.0372990125842

50 0 -0.0396990125842
50 1 -0.0388990125842
50 2 -0.0404990125842
50 3 -0.0372990125842
50 4 -0.0372990125842
50 5 -0.0356990125842
50 6 -0.0380990125842
50 7 -0.0388990125842
50 8 -0.0396990125842
50 9 -0.0356990125842
50 10 -0.0364990125842
50 11 -0.0364990125842
50 12 -0.0396990125842
50 13 -0.0372990125842
50 14 -0.0372990125842
50 15 -0.0380990125842
50 16 -0.0396990125842
50 17 -0.0380990125842
50 18 -0.0396990125842
50 19 -0.0380990125842
50 20 -0.0388990125842
50 21 -0.0364990125842
50 22 -0.0372990125842
50 23 -0.0364990125842
50 24 -0.0396990125842
50 25 -0.0388990125842
50 26 -0.0372990125842
50 27 -0.0380990125842
50 28 -0.0388990125842
50 29 -0.0380990125842
50 30 -0.0356990125842
50 31 -0.0380990125842
50 32 -0.0356990125842
50 33 -0.0380990125842
50 34 -0.0372990125842
50 35 -0.0380990125842
50 36 -0.0388990125842
50 37 -0.0380990125842
50 38 -0.0380990125842
50 39 -0.0380990125842
50 40 -0.0380990125842
50 41 -0.0372990125842
50 42 -0.0372990125842
50 43 -0.0364990125842
50 44 -0.0364990125842
50 45 -0.0388990125842
50 46 -0.0388990125842
50 47 -0.0308990125842
50 48 -0.0388990125842
50 49 -0.0388990125842
50 50 -0.0396990125842
50 51 -0.0372990125842
50 52 -0.0380990125842
50 53 -0.0388990125842
50 54 -0.0332990125842
50 55 -0.0380990125842
50 56 -0.0380990125842
50 57 -0.0356990125842
50 58 -0.0388990125842
50 59 -0.0372990125842
50 60 -0.0356990125842
50 61 -0.0396990125842
50 62 -0.0388990125842
50 63 -0.0388990125842

51 0 -0.0380990125842
51 1 -0.0380990125842
51 2 -0.0356990125842
51 3 -0.0340990125842
51 4 -0.0364990125842
51 5 -0.0348990125842
51 6 -0.0356990125842
51 7 -0.0364990125842
51 8 -0.0364990125842
51 9 -0.0324990125842
51 10 -0.0324990125842
51 11 -0.0348990125842
51 12 -0.0356990125842
51 13 -0.0356990125842
51 14 -0.0356990125842
51 15 -0.0364990125842
51 16 -0.0372990125842
51 17 -0.0348990125842
51 18 -0.0372990125842
51 19 -0.0348990125842
51 20 -0.0364990125842
51 21 -0.0364990125842
51 22 -0.0348990125842
51 23 -0.0348990125842
51 24 -0.0380990125842
51 25 -0.0364990125842
51 26 -0.0332990125842
51 27 -0.0372990125842
51 28 -0.0372990125842
51 29 -0.0324990125842
51 30 -0.0356990125842
51 31 -0.0364990125842
51 32 -0.0292990125842
51 33 -0.0348990125842
51 34 -0.0364990125842
51 35 -0.0364990125842
51 36 -0.0372990125842
51 37 -0.0348990125842
51 38 -0.0348990125842
51 39 -0.0324990125842
51 40 -0.0380990125842
51 41 -0.0348990125842
51 42 -0.0364990125842
51 43 -0.0364990125842
51 44 -0.0316990125842
51 45 -0.0364990125842
51 46 -0.0372990125842
51 47 -0.0284990125842
51 48 -0.0348990125842
51 49 -0.0364990125842
51 50 -0.0372990125842
51 51 -0.0380990125842
51 52 -0.0356990125842
51 53 -0.0372990125842
51 54 -0.0292990125842
51 55 -0.0348990125842
51 56 -0.0364990125842
51 57 -0.0332990125842
51 58 -0.0372990125842
51 59 -0.0348990125842
51 60 -0.0332990125842
51 61 -0.0380990125842
51 62 -0.0364990125842
51 63 -0.0364990125842

52 0 -0.0372990125842
52 1 -0.0372990125842
52 2 -0.0380990125842
52 3 -0.0356990125842
52 4 -0.0372990125842
52 5 -0.0356990125842
52 6 -0.0364990125842
52 7 -0.0348990125842
52 8 -0.0380990125842
52 9 -0.0340990125842
52 10 -0.0348990125842
52 11 -0.0364990125842
52 12 -0.0372990125842
52 13 -0.0372990125842
52 14 -0.0372990125842
52 15 -0.0372990125842
52 16 -0.0372990125842
52 17 -0.0364990125842
52 18 -0.0380990125842
52 19 -0.0364990125842
52 20 -0.0372990125842
52 21 -0.0372990125842
52 22 -0.0380990125842
52 23 -0.0356990125842
52 24 -0.0372990125842
52 25 -0.0332990125842
52 26 -0.0356990125842
52 27 -0.0356990125842
52 28 -0.0380990125842
52 29 -0.0372990125842
52 30 -0.0356990125842
52 31 -0.0372990125842
52 32 -0.0332990125842
52 33 -0.0388990125842
52 34 -0.0364990125842
52 35 -0.0356990125842
52 36 -0.0372990125842
52 37 -0.0364990125842
52 38 -0.0356990125842
52 39 -0.0348990125842
52 40 -0.0364990125842
52 41 -0.0380990125842
52 42 -0.0372990125842
52 43 -0.0324990125842
52 44 -0.0308990125842
52 45 -0.0348990125842
52 46 -0.0372990125842
52 47 -0.0276990125842
52 48 -0.0372990125842
52 49 -0.0364990125842
52 50 -0.0380990125842
52 51 -0.0356990125842
52 52 -0.0372990125842
52 53 -0.0364990125842
52 54 -0.0252990125842
52 55 -0.0364990125842
52 56 -0.0348990125842
52 57 -0.0332990125842
52 58 -0.0372990125842
52 59 -0.0372990125842
52 60 -0.0364990125842
52 61 -0.0372990125842
52 62 -0.0380990125842
52 63 -0.0364990125842

53 0 -0.0380990125842
53 1 -0.0372990125842
53 2 -0.0364990125842
53 3 -0.0372990125842
53 4 -0.0380990125842
53 5 -0.0356990125842
53 6 -0.0364990125842
53 7 -0.0364990125842
53 8 -0.0372990125842
53 9 -0.0348990125842
53 10 -0.0356990125842
53 11 -0.0348990125842
53 12 -0.0372990125842
53 13 -0.0340990125842
53 14 -0.0380990125842
53 15 -0.0348990125842
53 16 -0.0372990125842
53 17 -0.0388990125842
53 18 -0.0372990125842
53 19 -0.0364990125842
53 20 -0.0380990125842
53 21 -0.0364990125842
53 22 -0.0380990125842
53 23 -0.0356990125842
53 24 -0.0380990125842
53 25 -0.0380990125842
53 26 -0.0372990125842
53 27 -0.0356990125842
53 28 -0.0372990125842
53 29 -0.0356990125842
53 30 -0.0348990125842
53 31 -0.0380990125842
53 32 -0.0332990125842
53 33 -0.0372990125842
53 34 -0.0348990125842
53 35 -0.0356990125842
53 36 -0.0364990125842
53 37 -0.0372990125842
53 38 -0.0364990125842
53 39 -0.0380990125842
53 40 -0.0364990125842
53 41 -0.0364990125842
53 42 -0.0356990125842
53 43 -0.0364990125842
53 44 -0.0364990125842
53 45 -0.0348990125842
53 46 -0.0388990125842
53 47 -0.0292990125842
53 48 -0.0372990125842
53 49 -0.0364990125842
53 50 -0.0388990125842
53 51 -0.0372990125842
53 52 -0.0364990125842
53 53 -0.0380990125842
53 54 -0.0324990125842
53 55 -0.0364990125842
53 56 -0.0356990125842
53 57 -0.0356990125842
53 58 -0.0380990125842
53 59 -0.0364990125842
53 60 -0.0332990125842
53 61 -0.0380990125842
53 62 -0.0388990125842
53 63 -0.0356990125842

54 0 -0.0332990125842
54 1 -0.0308990125842
54 2 -0.0356990125842
54 3 -0.0284990125842
54 4 -0.0340990125842
54 5 -0.0316990125842
54 6 -0.0308990125842
54 7 -0.0300990125842
54 8 -0.0324990125842
54 9 -0.0260990125842
54 10 -0.0228990125842
54 11 -0.0316990125842
54 12 -0.0332990125842
54 13 -0.0324990125842
54 14 -0.0332990125842
54 15 -0.0332990125842
54 16 -0.0324990125842
54 17 -0.0316990125842
54 18 -0.0316990125842
54 19 -0.0284990125842
54 20 -0.0332990125842
54 21 -0.0332990125842
54 22 -0.0308990125842
54 23 -0.0292990125842
54 24 -0.0332990125842
54 25 -0.0276990125842
54 26 -0.0252990125842
54 27 -0.0316990125842
54 28 -0.0340990125842
54 29 -0.0308990125842
54 30 -0.0284990125842
54 31 -0.0324990125842
54 32 -0.0276990125842
54 33 -0.0332990125842
54 34 -0.0308990125842
54 35 -0.0308990125842
54 36 -0.0308990125842
54 37 -0.0268990125842
54 38 -0.0308990125842
54 39 -0.0244990125842
54 40 -0.0300990125842
54 41 -0.0324990125842
54 42 -0.0324990125842
54 43 -0.0244990125842
54 44 -0.0252990125842
54 45 -0.0316990125842
54 46 -0.0308990125842
54 47 -0.0188990125842
54 48 -0.0332990125842
54 49 -0.0332990125842
54 50 -0.0332990125842
54 51 -0.0292990125842
54 52 -0.0252990125842
54 53 -0.0324990125842
54 54 -0.0332990125842
54 55 -0.0284990125842
54 56 -0.0300990125842
54 57 -0.0300990125842
54 58 -0.0332990125842
54 59 -0.0316990125842
54 60 -0.0276990125842
54 61 -0.0332990125842
54 62 -0.0316990125842
54 63 -0.0308990125842

55 0 -0.0372990125842
55 1 -0.0372990125842
55 2 -0.0356990125842
55 3 -0.0356990125842
55 4 -0.0364990125842
55 5 -0.0348990125842
55 6 -0.0348990125842
55 7 -0.0380990125842
55 8 -0.0364990125842
55 9 -0.0324990125842
55 10 -0.0324990125842
55 11 -0.0348990125842
55 12 -0.0388990125842
55 13 -0.0356990125842
55 14 -0.0364990125842
55 15 -0.0364990125842
55 16 -0.0380990125842
55 17 -0.0372990125842
55 18 -0.0364990125842
55 19 -0.0348990125842
55 20 -0.0356990125842
55 21 -0.0356990125842
55 22 -0.0356990125842
55 23 -0.0332990125842
55 24 -0.0372990125842
55 25 -0.0364990125842
55 26 -0.0340990125842
55 27 -0.0364990125842
55 28 -0.0372990125842
55 29 -0.0372990125842
55 30 -0.0364990125842
55 31 -0.0364990125842
55 32 -0.0316990125842
55 33 -0.0364990125842
55 34 -0.0356990125842
55 35 -0.0356990125842
55 36 -0.0372990125842
55 37 -0.0364990125842
55 38 -0.0364990125842
55 39 -0.0340990125842
55 40 -0.0356990125842
55 41 -0.0364990125842
55 42 -0.0348990125842
55 43 -0.0372990125842
55 44 -0.0356990125842
55 45 -0.0356990125842
55 46 -0.0348990125842
55 47 -0.0276990125842
55 48 -0.0356990125842
55 49 -0.0364990125842
55 50 -0.0380990125842
55 51 -0.0348990125842
55 52 -0.0364990125842
55 53 -0.0364990125842
55 54 -0.0284990125842
55 55 -0.0372990125842
55 56 -0.0380990125842
55 57 -0.0364990125842
55 58 -0.0364990125842
55 59 -0.0372990125842
55 60 -0.0332990125842
55 61 -0.0364990125842
55 62 -0.0372990125842
55 63 -0.0356990125842

56 0 -0.0372990125842
56 1 -0.0396990125842
56 2 -0.0348990125842
56 3 -0.0356990125842
56 4 -0.0340990125842
56 5 -0.0348990125842
56 6 -0.0332990125842
56 7 -0.0292990125842
56 8 -0.0372990125842
56 9 -0.0348990125842
56 10 -0.0380990125842
56 11 -0.0364990125842
56 12 -0.0380990125842
56 13 -0.0364990125842
56 14 -0.0372990125842
56 15 -0.0340990125842
56 16 -0.0372990125842
56 17 -0.0364990125842
56 18 -0.0380990125842
56 19 -0.0380990125842
56 20 -0.0380990125842
56 21 -0.0372990125842
56 22 -0.0380990125842
56 23 -0.0340990125842
56 24 -0.0372990125842
56 25 -0.0388990125842
56 26 -0.0364990125842
56 27 -0.0388990125842
56 28 -0.0364990125842
56 29 -0.0348990125842
56 30 -0.0364990125842
56 31 -0.0364990125842
56 32 -0.0340990125842
56 33 -0.0356990125842
56 34 -0.0300990125842
56 35 -0.0332990125842
56 36 -0.0380990125842
56 37 -0.0372990125842
56 38 -0.0340990125842
56 39 -0.0396990125842
56 40 -0.0332990125842
56 41 -0.0388990125842
56 42 -0.0364990125842
56 43 -0.0348990125842
56 44 -0.0332990125842
56 45 -0.0364990125842
56 46 -0.0364990125842
56 47 -0.0348990125842
56 48 -0.0396990125842
56 49 -0.0388990125842
56 50 -0.0380990125842
56 51 -0.0364990125842
56 52 -0.0348990125842
56 53 -0.0356990125842
56 54 -0.0300990125842
56 55 -0.0380990125842
56 56 -0.0372990125842
56 57 -0.0292990125842
56 58 -0.0372990125842
56 59 -0.0364990125842
56 60 -0.0340990125842
56 61 -0.0380990125842
56 62 -0.0380990125842
56 63 -0.0372990125842

57 0 -0.0372990125842
57 1 -0.0372990125842
57 2 -0.0364990125842
57 3 -0.0348990125842
57 4 -0.0356990125842
57 5 -0.0348990125842
57 6 -0.0284990125842
57 7 -0.0316990125842
57 8 -0.0372990125842
57 9 -0.0332990125842
57 10 -0.0356990125842
57 11 -0.0348990125842
57 12 -0.0388990125842
57 13 -0.0356990125842
57 14 -0.0356990125842
57 15 -0.0356990125842
57 16 -0.0388990125842
57 17 -0.0348990125842
57 18 -0.0356990125842
57 19 -0.0364990125842
57 20 -0.0372990125842
57 21 -0.0356990125842
57 22 -0.0356990125842
57 23 -0.0356990125842
57 24 -0.0372990125842
57 25 -0.0380990125842
57 26 -0.0356990125842
57 27 -0.0356990125842
57 28 -0.0348990125842
57 29 -0.0324990125842
57 30 -0.0348990125842
57 31 -0.0364990125842
57 32 -0.0324990125842
57 33 -0.0372990125842
57 34 -0.0300990125842
57 35 -0.0340990125842
57 36 -0.0372990125842
57 37 -0.0364990125842
57 38 -0.0332990125842
57 39 -0.0348990125842
57 40 -0.0356990125842
57 41 -0.0380990125842
57 42 -0.0364990125842
57 43 -0.0332990125842
57 44 -0.0332990125842
57 45 -0.0372990125842
57 46 -0.0356990125842
57 47 -0.0292990125842
57 48 -0.0356990125842
57 49 -0.0372990125842
57 50 -0.0356990125842
57 51 -0.0332990125842
57 52 -0.0332990125842
57 53 -0.0356990125842
57 54 -0.0300990125842
57 55 -0.0364990125842
57 56 -0.0292990125842
57 57 -0.0372990125842
57 58 -0.0364990125842
57 59 -0.0364990125842
57 60 -0.0332990125842
57 61 -0.0372990125842
57 62 -0.0364990125842
57 63 -0.0356990125842

58 0 -0.0372990125842
58 1 -0.0380990125842
58 2 -0.0396990125842
58 3 -0.0364990125842
58 4 -0.0380990125842
58 5 -0.0356990125842
58 6 -0.0380990125842
58 7 -0.0380990125842
58 8 -0.0396990125842
58 9 -0.0348990125842
58 10 -0.0364990125842
58 11 -0.0364990125842
58 12 -0.0396990125842
58 13 -0.0372990125842
58 14 -0.0372990125842
58 15 -0.0372990125842
58 16 -0.0388990125842
58 17 -0.0380990125842
58 18 -0.0380990125842
58 19 -0.0380990125842
58 20 -0.0380990125842
58 21 -0.0364990125842
58 22 -0.0372990125842
58 23 -0.0364990125842
58 24 -0.0372990125842
58 25 -0.0396990125842
58 26 -0.0372990125842
58 27 -0.0372990125842
58 28 -0.0380990125842
58 29 -0.0364990125842
58 30 -0.0364990125842
58 31 -0.0380990125842
58 32 -0.0356990125842
58 33 -0.0372990125842
58 34 -0.0372990125842
58 35 -0.0380990125842
58 36 -0.0388990125842
58 37 -0.0372990125842
58 38 -0.0380990125842
58 39 -0.0364990125842
58 40 -0.0364990125842
58 41 -0.0372990125842
58 42 -0.0372990125842
58 43 -0.0364990125842
58 44 -0.0380990125842
58 45 -0.0388990125842
58 46 -0.0380990125842
58 47 -0.0308990125842
58 48 -0.0388990125842
58 49 -0.0388990125842
58 50 -0.0388990125842
58 51 -0.0372990125842
58 52 -0.0372990125842
58 53 -0.0380990125842
58 54 -0.0332990125842
58 55 -0.0364990125842
58 56 -0.0372990125842
58 57 -0.0364990125842
58 58 -0.0372990125842
58 59 -0.0372990125842
58 60 -0.0356990125842
58 61 -0.0372990125842
58 62 -0.0388990125842
58 63 -0.0388990125842

59 0 -0.0372990125842
59 1 -0.0364990125842
59 2 -0.0356990125842
59 3 -0.0380990125842
59 4 -0.0372990125842
59 5 -0.0348990125842
59 6 -0.0380990125842
59 7 -0.0356990125842
59 8 -0.0372990125842
59 9 -0.0324990125842
59 10 -0.0364990125842
59 11 -0.0380990125842
59 12 -0.0388990125842
59 13 -0.0364990125842
59 14 -0.0380990125842
59 15 -0.0372990125842
59 16 -0.0364990125842
59 17 -0.0364990125842
59 18 -0.0364990125842
59 19 -0.0348990125842
59 20 -0.0364990125842
59 21 -0.0372990125842
59 22 -0.0364990125842
59 23 -0.0364990125842
59 24 -0.0372990125842
59 25 -0.0388990125842
59 26 -0.0332990125842
59 27 -0.0380990125842
59 28 -0.0380990125842
59 29 -0.0380990125842
59 30 -0.0372990125842
59 31 -0.0372990125842
59 32 -0.0316990125842
59 33 -0.0356990125842
59 34 -0.0356990125842
59 35 -0.0364990125842
59 36 -0.0372990125842
59 37 -0.0364990125842
59 38 -0.0388990125842
59 39 -0.0356990125842
59 40 -0.0364990125842
59 41 -0.0372990125842
59 42 -0.0364990125842
59 43 -0.0372990125842
59 44 -0.0380990125842
59 45 -0.0372990125842
59 46 -0.0388990125842
59 47 -0.0308990125842
59 48 -0.0364990125842
59 49 -0.0380990125842
59 50 -0.0372990125842
59 51 -0.0348990125842
59 52 -0.0372990125842
59 53 -0.0364990125842
59 54 -0.0316990125842
59 55 -0.0372990125842
59 56 -0.0364990125842
59 57 -0.0364990125842
59 58 -0.0372990125842
59 59 -0.0372990125842
59 60 -0.0348990125842
59 61 -0.0372990125842
59 62 -0.0380990125842
59 63 -0.0372990125842

60 0 -0.0356990125842
60 1 -0.0364990125842
60 2 -0.0348990125842
60 3 -0.0340990125842
60 4 -0.0340990125842
60 5 -0.0340990125842
60 6 -0.0332990125842
60 7 -0.0356990125842
60 8 -0.0356990125842
60 9 -0.0332990125842
60 10 -0.0340990125842
60 11 -0.0340990125842
60 12 -0.0372990125842
60 13 -0.0340990125842
60 14 -0.0332990125842
60 15 -0.0348990125842
60 16 -0.0356990125842
60 17 -0.0348990125842
60 18 -0.0356990125842
60 19 -0.0348990125842
60 20 -0.0348990125842
60 21 -0.0356990125842
60 22 -0.0340990125842
60 23 -0.0332990125842
60 24 -0.0356990125842
60 25 -0.0356990125842
60 26 -0.0324990125842
60 27 -0.0348990125842
60 28 -0.0348990125842
60 29 -0.0332990125842
60 30 -0.0316990125842
60 31 -0.0356990125842
60 32 -0.0292990125842
60 33 -0.0340990125842
60 34 -0.0340990125842
60 35 -0.0340990125842
60 36 -0.0356990125842
60 37 -0.0340990125842
60 38 -0.0332990125842
60 39 -0.0316990125842
60 40 -0.0348990125842
60 41 -0.0348990125842
60 42 -0.0340990125842
60 43 -0.0356990125842
60 44 -0.0340990125842
60 45 -0.0340990125842
60 46 -0.0348990125842
60 47 -0.0252990125842
60 48 -0.0340990125842
60 49 -0.0356990125842
60 50 -0.0356990125842
60 51 -0.0332990125842
60 52 -0.0364990125842
60 53 -0.0332990125842
60 54 -0.0276990125842
60 55 -0.0332990125842
60 56 -0.0340990125842
60 57 -0.0332990125842
60 58 -0.0356990125842
60 59 -0.0348990125842
60 60 -0.0356990125842
60 61 -0.0348990125842
60 62 -0.0364990125842
60 63 -0.0340990125842

61 0 -0.0372990125842
61 1 -0.0380990125842
61 2 -0.0396990125842
61 3 -0.0356990125842
61 4 -0.0380990125842
61 5 -0.0348990125842
61 6 -0.0380990125842
61 7 -0.0388990125842
61 8 -0.0396990125842
61 9 -0.0348990125842
61 10 -0.0364990125842
61 11 -0.0364990125842
61 12 -0.0388990125842
61 13 -0.0372990125842
61 14 -0.0372990125842
61 15 -0.0372990125842
61 16 -0.0388990125842
61 17 -0.0388990125842
61 18 -0.0380990125842
61 19 -0.0380990125842
61 20 -0.0380990125842
61 21 -0.0372990125842
61 22 -0.0372990125842
61 23 -0.0364990125842
61 24 -0.0372990125842
61 25 -0.0396990125842
61 26 -0.0372990125842
61 27 -0.0380990125842
61 28 -0.0372990125842
61 29 -0.0364990125842
61 30 -0.0364990125842
61 31 -0.0380990125842
61 32 -0.0356990125842
61 33 -0.0372990125842
61 34 -0.0372990125842
61 35 -0.0380990125842
61 36 -0.0388990125842
61 37 -0.0372990125842
61 38 -0.0372990125842
61 39 -0.0372990125842
61 40 -0.0372990125842
61 41 -0.0372990125842
61 42 -0.0364990125842
61 43 -0.0372990125842
61 44 -0.0380990125842
61 45 -0.0380990125842
61 46 -0.0388990125842
61 47 -0.0300990125842
61 48 -0.0388990125842
61 49 -0.0388990125842
61 50 -0.0396990125842
61 51 -0.0380990125842
61 52 -0.0372990125842
61 53 -0.0380990125842
61 54 -0.0332990125842
61 55 -0.0364990125842
61 56 -0.0380990125842
61 57 -0.0372990125842
61 58 -0.0372990125842
61 59 -0.0372990125842
61 60 -0.0348990125842
61 61 -0.0372990125842
61 62 -0.0388990125842
61 63 -0.0388990125842

62 0 -0.0388990125842
62 1 -0.0388990125842
62 2 -0.0388990125842
62 3 -0.0372990125842
62 4 -0.0380990125842
62 5 -0.0364990125842
62 6 -0.0380990125842
62 7 -0.0388990125842
62 8 -0.0396990125842
62 9 -0.0356990125842
62 10 -0.0372990125842
62 11 -0.0356990125842
62 12 -0.0388990125842
62 13 -0.0372990125842
62 14 -0.0372990125842
62 15 -0.0388990125842
62 16 -0.0380990125842
62 17 -0.0380990125842
62 18 -0.0396990125842
62 19 -0.0380990125842
62 20 -0.0380990125842
62 21 -0.0372990125842
62 22 -0.0372990125842
62 23 -0.0388990125842
62 24 -0.0388990125842
62 25 -0.0380990125842
62 26 -0.0364990125842
62 27 -0.0364990125842
62 28 -0.0372990125842
62 29 -0.0372990125842
62 30 -0.0356990125842
62 31 -0.0372990125842
62 32 -0.0356990125842
62 33 -0.0388990125842
62 34 -0.0372990125842
62 35 -0.0380990125842
62 36 -0.0388990125842
62 37 -0.0372990125842
62 38 -0.0380990125842
62 39 -0.0372990125842
62 40 -0.0396990125842
62 41 -0.0380990125842
62 42 -0.0388990125842
62 43 -0.0364990125842
62 44 -0.0364990125842
62 45 -0.0380990125842
62 46 -0.0388990125842
62 47 -0.0276990125842
62 48 -0.0372990125842
62 49 -0.0380990125842
62 50 -0.0388990125842
62 51 -0.0364990125842
62 52 -0.0380990125842
62 53 -0.0388990125842
62 54 -0.0316990125842
62 55 -0.0372990125842
62 56 -0.0380990125842
62 57 -0.0364990125842
62 58 -0.0388990125842
62 59 -0.0380990125842
62 60 -0.0364990125842
62 61 -0.0388990125842
62 62 -0.0388990125842
62 63 -0.0388990125842

63 0 -0.0388990125842
63 1 -0.0364990125842
63 2 -0.0380990125842
63 3 -0.0372990125842
63 4 -0.0356990125842
63 5 -0.0364990125842
63 6 -0.0356990125842
63 7 -0.0372990125842
63 8 -0.0380990125842
63 9 -0.0332990125842
63 10 -0.0364990125842
63 11 -0.0372990125842
63 12 -0.0396990125842
63 13 -0.0356990125842
63 14 -0.0364990125842
63 15 -0.0356990125842
63 16 -0.0372990125842
63 17 -0.0388990125842
63 18 -0.0380990125842
63 19 -0.0364990125842
63 20 -0.0380990125842
63 21 -0.0372990125842
63 22 -0.0388990125842
63 23 -0.0356990125842
63 24 -0.0388990125842
63 25 -0.0372990125842
63 26 -0.0356990125842
63 27 -0.0356990125842
63 28 -0.0380990125842
63 29 -0.0356990125842
63 30 -0.0356990125842
63 31 -0.0388990125842
63 32 -0.0324990125842
63 33 -0.0372990125842
63 34 -0.0364990125842
63 35 -0.0372990125842
63 36 -0.0388990125842
63 37 -0.0364990125842
63 38 -0.0356990125842
63 39 -0.0356990125842
63 40 -0.0380990125842
63 41 -0.0364990125842
63 42 -0.0372990125842
63 43 -0.0356990125842
63 44 -0.0364990125842
63 45 -0.0380990125842
63 46 -0.0388990125842
63 47 -0.0308990125842
63 48 -0.0372990125842
63 49 -0.0372990125842
63 50 -0.0388990125842
63 51 -0.0364990125842
63 52 -0.0364990125842
63 53 -0.0356990125842
63 54 -0.0308990125842
63 55 -0.0356990125842
63 56 -0.0372990125842
63 57 -0.0356990125842
63 58 -0.0388990125842
63 59 -0.0372990125842
63 60 -0.0340990125842
63 61 -0.0388990125842
63 62 -0.0388990125842
63 63 -0.0388990125842

